Imperial	5	Max Pwr: 377.7 hp(I) @ 5577 RPM / Max TQ: 362.5 lbf-ft @ 5352 RPM	0.0	0.0	3.79	179.90940245630472
2493.3752201032,3.5359557296219823,7.448232956125248
2493.482868002366,6.075528972962409,12.79710634930128
2493.537851558285,0.935171973985766,1.969743107299479
2493.854354298576,8.555508385503064,18.01809226726875
2493.977290197519,-1.728510175822781,-3.6401017008580565
2494.4833244234037,10.977442342547928,23.112910160111493
2494.7001512073944,-4.456852781423468,-9.383049487854223
2495.3635097132997,13.342813723867685,28.083269940730453
2495.7131376149073,-7.251695150379972,-15.260857781296522
2496.4887269256824,15.653042642454322,32.93087197830044
2497.0230407714625,-10.114956990920755,-21.275293608851698
2497.8528777550328,17.909489092978394,37.65740709200109
2498.6367408367814,-13.04864165688171,-27.42813348987772
2499.4499483489876,20.113455521536963,42.26455654501381
2500.5612072628082,-16.054839484591405,-33.721163426720324
2501.274008824431,22.26618931826134,46.75399203877674
2502.803499277617,-19.13573122343855,-40.15617889566435
2503.31921278359,24.36888523433537,51.12737570749005
2505.3707663693185,-22.293591561880497,-46.73498483753001
2505.579796830126,26.422687724955924,55.38636011286374
2508.0500800852283,28.428693219749242,59.53258823910069
2508.2702487699667,-25.530792750671058,-53.45939564790467
2510.7244637037084,30.387952322137725,63.567693488107295
2511.509277939465,-28.849808325104785,-60.33123516699978
2513.5974303900925,32.30147193913394,67.49329967492508
2515.0952770494746,-32.253216928094346,-67.35233666912278
2516.6635439147144,34.17021734301955,71.31102102337552
2519.0357614673194,-35.743706235916676,-74.52454285175368
2519.9174486298084,35.995114166349296,75.02246216191185
2523.353868985605,37.77705033170157,78.62921811967075
2526.9676090464204,39.51687791757871,82.13287432271734
2530.753552006753,41.21541496184323,85.5350065904775
2534.7066597073745,42.8734472040563,88.83718113235017
2538.8219721514242,44.491729768069234,92.04095454449502
2543.094607020502,46.07098878619877,95.14787380678783
2547.519759190761,47.61192296630062,98.1594762799387
2552.092700249003,49.11520510303781,101.07728970276733
2556.8087780087676,50.58148353462204,103.902832189629
2561.6634160264302,52.01138354629036,106.63761222798679
2566.6521131172917,53.405508721760086,109.28312867612361
2571.7704428716725,54.76444224388969,111.84087076098976
2577.0140531710076,56.08874814575446,114.31231807618003
2582.3786657039373,57.37897251332983,116.69894058003618
2587.860075482402,58.63564464095759,119.00219859386927
2593.4541503577348,59.85927814075362,121.22354280029742
2599.1568305367546,61.050372007098844,123.36441424169426
2604.9641280978603,62.20941163733851,125.42624431874358
2610.8721265071235,63.336869809798095,127.41045478909577
2616.8769801343806,64.43320762020787,129.31845776612175
2622.974913769328,65.49887537761154,131.15165571776004
2629.1622221376138,66.53431346081832,132.91144146545352
2635.435269416932,67.53995313644123,134.5991981831709
2641.7904887531145,68.5162173395484,136.21629939650975
2648.2243817762264,69.46352141793905,137.76410898187768
2654.7335181166577,70.38227384103782,139.2439811657466
2661.314534921216,71.27287687438789,140.65726052397804
2667.9641363692213,72.13572722070579,142.00528198121555
2674.679093188598,72.9712166284459,143.28937081034013
2681.4562421719693,73.77973246880705,144.51084263198638
2688.2924856927493,74.56165828209878,145.67100341411603
2695.1847912212365,75.31737429436822,146.77114947164515
2702.130190840708,76.04725790517523,147.81256746612266
2709.1257807635116,76.75168414738678,148.79653440545738
2716.1687208471585,77.43102611984723,149.72431764368974
2723.2562341104185,78.0856553937672,150.59717488080705
2730.3856062494124,78.71594239365709,151.41635416259857
2737.5541851537037,79.3222567536182,152.18309388054732
2744.7593804223943,79.90496764979034,152.8986227717585
2751.9986628802153,80.4644441097377,153.56415991891913
2759.2695640936236,81.0010552995444,154.18091475028854
2766.5696758868908,81.51517078937344,154.75008703971747
2773.8966498581995,82.00716079823076,155.27286690669226
2781.2481968957363,82.47739641866185,155.7504348164037
2788.622086693784,82.92624982209333,156.18396157983688
2796.0161472688137,83.35409444552069,156.5746083538827
2803.4282644755826,83.76130516022599,156.9235266414647
2810.856381523222,84.14825842320043,157.2318582916851
2818.298498491333,84.51533241192881,157.5007354999832
2825.75267184608,84.86290714318343,157.7312808083082
2833.217013956283,85.19136457645827,157.92460710530182
2840.689692609513,85.50108870266529,158.08181762649258
2848.1689305281793,85.7924656186968,158.20400595449624
2855.6530048856316,86.06588358845065,158.29225601922516
2863.140246822246,86.32173309089656,158.34764209810166
2870.629040961521,86.56040685575414,158.37122881627639
2878.11782492617,86.78229988733742,158.36407114684957
2885.6050888542177,86.9878094771101,158.32721441109408
2893.089374915087,87.17733520548256,158.26169427867953
2900.5692768256986,87.35127893336964,158.16853676789523
2908.04343936656,87.51004478401657,158.0487582458725
2915.510557897861,87.65403911558867,157.90336542880482
2922.9693778755664,87.78367048500691,157.73335538216378
2930.4186943675086,87.89934960350223,157.53971552091195
2937.8573515694807,88.00148928434807,157.32342360971026
2945.284242321332,88.09050438321991,157.0854477631199
2952.698307623057,88.16681173161842,156.8267464457975
2960.098536150894,88.23083006378342,156.54826847268396
2967.4839637734135,88.28297993751167,156.25095300918434
2974.8536730676137,88.32368364928402,155.93572957134083
2982.2067928350143,88.35336514409319,155.60351802599544
2989.5424976177487,88.37244992035522,155.25522859094409
2996.860007214656,88.3813649302756,154.8917618350808
3004.1585861973776,88.38053847603075,154.51400867853164
3011.437543426447,88.37040010211433,154.12285039277654
3018.696231567386,88.35138048419039,153.71915860076248
3025.9340466067943,88.32391131478009,153.30379527700285
3033.1504273684473,88.28842518610426,152.87761274766677
3040.344855029385,88.24535547038876,152.441453690655
3047.5168526360094,88.19513619793439,151.9961511356648
3054.665984620172,88.1382019332392,151.54252846424106
3061.7918563152734,88.07498764945494,151.08139940981616
3068.8941134723536,88.00592860144687,150.61356805773616
3075.972441776183,87.93146019771784,150.13982884527363
3083.02656636136,87.85201787145009,149.66096656162904
3090.0562513284017,87.76803695090386,149.177756347916
3097.0612992598367,87.67995252941093,148.69096369713824
3104.0415507363,87.58819933518134,148.20134445414783
3110.996883852626,87.49321160114373,147.7096448155935
3117.9272137339403,87.39542293502399,147.2166013298563
3124.832492051753,87.2952661898584,146.72294089696916
3131.7127065400546,87.19317333513371,146.22938076852583
3138.5678805114057,87.0895753287327,145.7366285475763
3145.3980723730347,86.98490198985849,145.2453821885086
3152.2033751429235,86.8795818731011,144.75632999691797
3158.9839159659095,86.77404214380478,144.2701506294647
3165.7398556297735,86.66870845487946,143.78751309371603
3172.4713880813333,86.56400482520309,143.3090767479806
3179.1787399425402,86.46035351974027,142.83549130112578
3185.8621700265676,86.35817493150716,142.36739681238558
3192.5219688539064,86.25788746549843,141.905423691158
3199.1584581684615,86.15990742468281,141.45019269678605
3205.7719904536375,86.06464889817498,141.00231493833212
3212.3629484484404,85.97252365167508,140.5623918743394
3218.9317446635637,85.88394102026419,140.1310153125812
3225.478820897486,85.79930780363854,139.70876740980128
3232.004647752563,85.71902816385492,139.29622067144285
3238.5097241511203,85.6435035256549,138.89393795136732
3244.9945768515468,85.57313247942926,138.50247245156365
3251.4597599643894,85.50831068687538,138.12236772184735
3257.905854468444,85.4494307893961,137.75415765955032
3264.3334677268476,85.39688231928179,137.3983665092026
3270.743233003179,85.3510516137087,137.05550886220334
3277.13580897754,85.31232173158415,136.72608965648445
3283.5118792626604,85.28107237326171,136.41060417616654
3289.872151919984,85.25767980314181,136.10953805120585
3296.217358975764,85.2425167751693,135.82336725703277
3302.5482559371576,85.2359524612359,135.552558114186
3308.865621308315,85.23835238248415,135.2975672879375
3315.1702561064767,85.25007834350805,135.05884178790907
3321.462983378068,85.27148836944255,134.8368189676862
3327.744647714787,85.30293664592214,134.631926524424
3334.016114769699,85.34477346188852,134.44458249844564
3340.2782707733363,85.39734515522237,134.27519527283775
3346.5320220497806,85.46099406116711,134.12416357303962
3352.7782945327663,85.53605846350808,133.99187646642633
3359.0180332817704,85.62287254846882,133.8787133618891
3365.2522019980984,85.72176636127618,133.7850440094092
3371.481782540988,85.83306576534788,133.71122849962842
3377.707774443702,85.95709240404747,133.65761726341697
3383.9311944296123,86.09416366494666,133.62455107143506
3390.1530759282987,86.24459264653629,133.61236103369336
3396.3744685916445,86.40868812731672,133.6213685991086
3402.596437809928,86.58675453719935,133.6518855550572
3408.8200642279126,86.77909193114552,133.70421402692753
3415.046443260943,86.98599596496132,133.77864647766484
3421.2766846110385,87.20775787317503,133.8754657073208
3427.5119117829863,87.4446644489032,133.99494485259433
3433.753261600431,87.69699802562572,134.1373473863755
3440.0018837219745,87.96503646077377,134.30292711728583
3446.258940157265,88.24905312103714,134.49192818921588
3452.525604783088,88.54931686929595,134.7045850808641
3458.8030628594656,88.86609205307381,134.94112260527183
3465.0925105457454,89.19963849441157,135.20175590935943
3471.395154416694,89.5502114810562,135.48669047346198
3477.7122109785932,89.91806175885282,135.79612211085978
3484.0449061853283,90.30343552523588,136.1302369673141
3490.3944749544867,90.70657442370161,136.48921152059893
3496.7621606834455,91.12771553914742,136.87321258003263
3503.1492147654717,91.56709139396347,137.28239728601037
3509.5568961058093,92.02492994475351,137.7169131095343
3515.9864706377757,92.5014545795688,138.17689785174696
3522.4392108388506,92.99688411552566,138.66247964345948
3528.916395246778,93.5114327966906,139.17377694468584
3535.419307975651,94.04531029209731,139.71089854417002
3541.9492382320077,94.59872169377738,140.2739435589194
3548.507479830928,95.17186751466932,140.8630014337341
3555.095330712119,95.7649436862784,141.478151940737
3561.714092456017,96.3781415559576,142.11946517890507
3568.3650697998733,97.01164788367433,142.7870015735988
3575.049570153852,97.66564483813151,143.48081187609023
3581.7689031171262,98.34030999211365,144.20093716309705
3588.524379993959,99.03581631691074,144.94740883630396
3595.3173133098094,99.75233217570498,145.72024862189886
3602.149016327423,100.49002131576465,146.51946857009577
3609.0208025629213,101.24904285932207,147.3450710546617
3615.933985301892,102.02955129299838,148.1970487724458
3622.8898771154923,102.83169645563359,149.0753847429012
3629.889789376537,103.65562352439242,149.98005230761024
3636.93503177559,104.50147299900577,150.91101512980583
3644.0269118370597,105.36938068401436,151.8682271938914
3651.16673443529,106.25947766888162,152.8516328049631
3658.3558013106535,107.17189030583316,153.8611665883215
3665.5954105856545,108.10674018530008,154.89675348899002
3672.886856281006,109.06414410882263,155.95830877122478
3680.2314278317344,110.0442140592878,157.04573801802437
3687.6304096032695,111.04705716836627,158.15893713063483
3695.0850804075344,112.07277568101992,159.29779232805322
3702.596713019048,113.12146691694875,160.46218014652544
3710.1665736910063,114.193223228852,161.65196743904423
3717.795921671385,115.28813195736842,162.86701137483328
3725.4860087190245,116.40627538258526,164.10715943884026
3733.2380786197373,117.54773067197546,165.37224943121265
3741.053366702383,118.71256982465304,166.66210946677546
3748.933099354973,119.90085961182108,167.97655797450074
3756.8784935407634,121.11266151329336,169.31540369696827
3764.890756314342,122.34803164998043,170.67844568982815
3772.9710843377256,123.60702071221286,172.06547332124424
3781.1206633964603,124.88967388380482,173.4762662713405
3789.3406679156965,126.19603076173838,174.91059453163618
3797.632260476302,127.52612527136169,176.36821840446711
3805.996591330942,128.87998557700848,177.84888850241202
3814.4347979201793,130.25763398791432,179.35234574768944
3822.948004388561,131.65908685936031,180.8783213715668
3831.5373211007163,133.08435448892038,182.42653691374156
3840.203844157456,134.53344100774103,183.99670422172468
3848.948654911849,136.00634426674594,185.5885254502013
3857.772819485336,137.50305571769505,187.20169306038846
3866.6773882837974,139.02356028900448,188.83588981937774
3875.6633955136767,140.5678362562525,190.49078879946444
3884.7318586980477,142.13585510729365,192.16605337746495
3893.883778192727,143.72758140190834,193.86133723401633
3903.120136702348,145.3429726259226,195.5762843528658
3912.441898796472,146.98197903973372,197.3105290201455
3921.850010425676,148.64454352117576,199.06369582362757
3931.345398437634,150.33060140267386,200.8353996519648
3940.92897009323,152.0400803026395,202.62524569391968
3950.6016125826436,153.77289995104553,204.43282943756566
3960.364192541425,155.5289720091544,206.25773666948086
3970.21755556662,157.30819988334972,208.09954347391587
3980.1625257328424,159.11047853304527,209.95781623194904
3990.199905108371,160.9356942726333,211.83211162061343
4000.330473271253,162.78372456746365,213.721976612015
4010.5549868253715,164.65443782381485,215.62694847241738
4020.8741789165715,166.54769317286494,217.54655476131555
4031.288758748729,168.46334024863566,219.4803133304793
4041.799411099857,170.4012189599232,221.4277323229826
4052.406795838186,172.36115925620118,223.38831017219852
4063.1115474382796,174.34298088752445,225.36153560078247
4073.914274497103,176.34649315843043,227.34688761962417
4084.815559250126,178.37149467586102,229.34383552676775
4095.8159570874277,180.4177730911491,231.3518389063242
4106.915996069766,182.48510483607254,233.3703476273394
4118.116176444693,184.5732548530417,235.3988018426487
4129.41697016264,186.68197631944085,237.43663198769
4140.818820393003,188.81101036619992,239.48325877930563
4152.322141040242,190.96008579062814,241.53809321449845
4163.9273162599875,193.12891876359913,243.60053656917336
4175.634699975106,195.317212531138,245.66998039684086
4187.444615391824,197.52465711049925,247.74580652728963
4199.357354515796,199.7509289808159,249.82738706522886
4211.373177668202,201.99569076842405,251.91408438890878
4223.492313001862,204.2585909269412,254.00525114869433
4235.7149560172975,206.53926341222004,256.1002302656141
4248.04126907886,208.83732735229356,258.19835492987744
4260.471380930781,211.15238671242,260.2989485993538
4273.005386213313,213.48402995537296,262.4013249980214
4285.64334497878,215.83182969710083,264.50478811437944
4298.385282207693,218.19534235791164,266.60863219982923
4311.231187324858,220.5741078093246,268.712141767011
4324.181013715423,222.96764901676437,270.81459158811845
4337.234678241024,225.37547167825042,272.9152466931602
4350.392060755843,227.79706385928378,275.01336236820674
4363.653003622705,230.2318956240832,277.1081841535751
4377.017311229191,232.67941866340476,279.19894784199766
4390.484749503708,235.1390659191151,281.2848794767381
4404.055045431607,237.61025120575954,283.36519534968335
4417.727886571239,240.09236882932166,285.43910199938693
4431.502920570095,242.58479320341635,287.50579620906893
4445.379754680862,245.0868784631731,289.5644650046015
4459.357955277521,247.5979580770198,291.61428565242693
4473.437047371471,250.11734445666028,293.65442565744803
4477.2562795064105,-1105.0884794573676,-1296.3407367355187
4487.6165141275815,252.6443285655085,295.68404276089234
4501.895796380319,255.17817952583349,297.7022849381119
4516.27429214981,257.71814422493503,299.70829039636425
4530.751356157959,260.2634469206239,301.70118757254147
4541.763468253141,-1095.1105161870125,-1266.3901042645462
4545.326299344539,262.81328884633024,303.6800951308683
4559.99838838325,265.3668478161443,305.6441219605559
4574.766845197874,267.9232778301268,307.5923671734129
4589.630846478321,270.48170868022726,309.5239201014275
4604.5895231967315,273.04124555714634,311.4378602942938
4604.790243008962,-1084.3748604973764,-1236.8119139914766
4619.641960123576,275.6009686585326,313.33325751692445
4634.7871953437525,278.15993279883304,315.2091717468886
4650.024219772664,280.7171670212399,317.0646531718495
4665.351976672329,283.2716742120673,318.89874218692876
4666.3550778093895,-1072.9217839552205,-1207.6034691805432
4680.769361167468,285.82243071800843,320.7104693920593
4696.275219761582,288.3683859666543,322.49885558928446
4711.868349853077,290.90846209071805,324.26291178002487
4726.4763085458835,-1060.790373191682,-1178.7620787726676
4727.547499251334,293.4415535563913,326.0016391623045
4743.311365692792,295.9665267962935,327.7140291279487
4759.15859635709,298.48221984746004,329.3990632597335
4775.087787383094,300.9874419948494,331.05571332850906
4785.172133450051,-1048.0185545961156,-1150.2850575043346
4791.097483385043,303.4809734208568,332.68294129028425
4807.1861769686175,305.96156486132105,334.2796992832776
4823.352308247041,308.4279372685343,335.84492962492806
4839.594264357169,310.8787814817906,337.37756480888794
4842.460613577168,-1034.643118644373,-1122.1697260238373
4855.910378975575,313.31275790597783,338.8765275019653
4872.298931834653,315.7284961987902,340.34073054105204
4888.758148238734,318.1245949670902,341.76907693000436
4898.359673290342,-1020.699743865044,-1094.4134110051257
4905.286198580119,320.4996214730098,343.1604598365076
4921.881197855253,322.852111350381,344.5137625889134
4938.541205180724,325.18056833204855,345.827858673029
4952.887100744452,-1006.2230204463933,-1067.0134452591572
4955.26422330943,327.48346398874776,347.1016117289116
4972.048198146662,329.7592374800989,348.3338755476108
4988.891018266161,332.00629531839525,349.5234940678997
5005.790514426234,334.2230111458279,350.66930137298345
5006.060548369724,-991.2464734871725,-1039.9671678429133
5022.744459085867,336.4077255258122,351.7701216871896
5039.750565920787,338.5587457490689,352.8247693726227
5056.806489339552,340.67434565519835,353.8320489258268
5057.897533356049,-975.802585894532,-1013.2719241660106
5073.909823999689,342.75276547040926,354.7907549744099
5091.058104323714,344.7922116621349,355.69967227365885
5108.248804015315,346.7908568112995,356.55757570315643
5108.415438136698,-959.9228209318853,-986.9250660949671
5125.479335575373,348.74683950292086,357.36323026336066
5142.747049818065,350.6582642358811,358.11539107220295
5157.631510872121,-943.6376444201042,-960.9239520552636
5160.049235387016,352.52320135258907,358.81280336165526
5177.383118271314,354.3396869893572,359.4542024743108
5194.745861321654,356.10572304828867,360.03831385995244
5205.562865934124,-926.9765465950396,-935.2659471310404
5212.134563766394,357.8192771914871,360.5638530721162
5229.546260727711,359.478282858457,361.0295257646702
5246.977922737596,361.08063930750706,361.4340276883891
5252.226484389476,-909.9680636245982,-909.9484231627206
5264.426455254067,362.6242116820521,361.77604468753015
5281.888698177145,364.10683110268593,362.05425269643166
5297.639214484064,-892.6397987884804,-884.9687588423299
5299.361425365032,365.52629478592394,362.26731773610857
5316.841344150179,366.88036619053736,362.41389591087625
5334.325094855347,368.166775192395,362.4926334049832
5341.817772126657,-875.0184433237672,-860.3243398067389
5351.80925030974,369.3832182887781,362.50216647927067
5369.2903153650805,370.5273588331,362.441121467839
5384.778741372886,-857.1297969395904,-836.0125587288046
5386.764726411741,371.5968273010629,362.30811477477226
5404.228850894759,372.58922158916954,362.10175287085576
5421.678986829995,373.50210734668417,361.82063229035725
5426.538574909065,-838.9987880039697,-812.0308154064099
5439.111362320195,374.33301834200455,361.4633396278254
5456.5221350711245,375.0794568645337,361.02845153493956
5467.1135945362,-820.6494934061283,-788.3765168494963
5473.9073919076,375.7388941630772,360.514534717393
5491.263148289618,376.3087709218862,359.92014593183933
5506.519991653819,-802.1051580973709,-765.0470773650705
5508.585347828467,376.78649777539323,359.2438319828659
5525.869861802768,377.16945586281065,358.4841297200589
5543.1124886746275,377.4549974236616,357.6395660350914
5544.773827743924,-783.3882143138181,-742.0399186402614
5560.3089536056705,377.64044643542303,356.7086578588856
5577.454907973198,377.7230992944745,355.6899121588652
5581.891034854866,-764.5203004841251,-719.3524698234204
5594.545928886211,377.70022554146414,354.5818259362494
5611.577518701564,377.56906863236014,353.3828862234415
5617.887416085303,-745.5222798254705,-696.9821676033484
5628.54510454002,377.32684675637967,352.0915700815051
5645.444037802384,376.97075370200446,350.7063445976954
5652.77864606802,-726.4142586309288,-674.9264562866265
5662.2695936855325,376.4979597724007,349.2256668831219
5679.01697069856,375.9056127514615,347.6479840704805
5686.5802714539395,-707.2156042515236,-653.1827878731232
5695.681290178839,375.19083892179736,345.97173331190504
5712.257595808186,374.35074413595447,344.1953417769034
5719.307711395876,-687.9449627760706,-631.7486221296806
5728.740853128835,373.3824149422172,342.3172266504277
5745.125949059624,372.2829197663414,340.3357951310569
5750.976258032686,-668.6202764121572,-610.6214266620606
5761.407691412053,371.04931015055655,338.24944442929353
5777.580808406374,369.6786220512583,336.0565617660033
5781.601076972922,-649.258800571233,-589.7986769850819
5793.639948187743,368.1678771967698,333.75552437097673
5809.57967834217,366.51408450660233,331.3446994816424
5811.197207778851,-629.8771206612798,-569.2778565911267
5825.394485412801,364.71424157368943,328.8224443419326
5839.779564450446,-610.4911685900104,-549.0564570168743
5841.0787744158515,362.7653362109852,326.18710620128536
5856.6268683567905,360.6643480639911,323.4370223138251
5867.3629359091265,-591.1162389819671,-529.1319779084757
5872.033007746421,358.40825029065144,320.57051993769727
5887.291350116929,355.99401131017567,317.5859163345899
5893.961986481789,-571.7670051125382,-509.5019270849994
5902.395969538024,353.41859662231695,314.4815187694326
5917.340856133002,350.6789706986444,311.2556245102684
5919.591256384575,-552.4575345622502,-490.1638206003962
5932.119915594895,347.7720989474656,307.906520828363
5944.265162207004,-533.2013045943057,-471.11518280377635
5946.726968702464,344.69494975387215,304.43248499845873
5961.155750836388,341.4444965966744,300.8317842992889
5967.9979973956615,-514.0112172587067,-452.3535463982608
5975.399911495293,338.017720243765,297.10267601428995
5989.453013811898,334.4116110276257,293.2434074325493
5990.803932738235,-494.89961422596775,-433.8764524982355
6003.308534069072,330.6231712026071,289.25221584996183
6012.697016847315,-475.8782913536667,-415.68145068517765
6016.959861215908,326.6494173857803,285.1273285706817
6030.400296383922,322.4873830829662,280.86696290876813
6033.691176644445,-456.95851298889016,-397.76609906198144
6043.623052402959,318.13412130176584,276.4693261901236
6053.800217843856,-438.15102600976445,-380.1279643059079
6056.6212533174985,313.58670725337197,271.93261575471166
6069.387933902584,308.84224114485585,267.2550189590205
6073.037825436583,-419.4660736091141,-362.7646217200811
6081.916039180008,303.89785106382595,262.4347131788285
6091.417564174154,-400.91340882338324,-345.67365528363916
6094.198423934349,298.7506959572648,257.4698658122796
6106.227852229114,293.39796870637804,252.3586342832551
6108.952879052627,-382.502307809901,-328.85265770051416
6117.996996922784,287.83689929931404,247.09916604504664
6125.657095796509,-364.24158287557213,-312.2992304469001
6129.498439184982,282.06475810370097,241.68959858438026
6140.724668012466,276.0788592408542,236.1280594257605
6141.543421342506,-346.1395952600651,-296.0109838174457
6151.668079745279,269.8765640636274,230.4126661361648
6156.624944323672,-328.2042676764651,-279.985536970098
6162.320977582869,263.455284739857,224.54152633009966
6170.914635553136,-310.4430966125589,-264.2205179697782
6172.6755711001,256.81248794335323,218.5127376750122
6182.7239757634325,249.94569865448673,212.32438789709872
6184.42534850801,-292.8631643956432,-248.71356383077352
6192.458212446951,242.85250407232485,205.97455478747688
6197.169819813463,-275.47115102396106,-233.46232055795736
6201.870206948503,235.5305576404383,199.46130620878935
6209.160669726374,-258.273345767691,-218.4644431868294
6210.9517895057825,227.97758318835784,192.7827001021847
6219.694694312406,220.1913791908643,185.93678449476772
6220.410402619513,-241.2756585424582,-203.71759582235845
6228.090559033972,212.16982314710103,178.92159750743122
6230.931407465166,-224.48363105840562,-189.21945167675963
6236.130924324273,203.91087608175962,171.73516736317904
6240.735958319302,-207.9024477476757,-174.96769310611157
6243.807233341247,195.41258717040566,164.3755123958939
6249.836214805322,-191.53694647324772,-160.9600116458878
6251.110831263193,186.67309849114147,156.84064105956708
6258.032964804754,177.69064990482394,149.12855193803708
6258.244222597967,-175.3916290221032,-147.1941080454573
6264.564781733064,168.46358406601811,141.2372337552092
6265.971913907354,-159.47067138549895,-133.66769230148716
6270.697330383911,158.990351566948,133.16466538579328
6273.031107962739,-143.7779338293392,-120.37848369037698
6276.421559177656,149.26951621667638,124.908815866555
6279.433511496452,-128.31697075740058,-107.32421079965034
6281.7283161355235,139.29976045785554,116.46764440813101
6285.190719227903,-113.09104037030846,-94.50261155837988
6286.608348395567,129.07989092327645,107.83910040737459
6290.314214347359,-98.10311412306027,-81.91143326665234
6291.052301728754,118.60884413459044,99.02112346027579
6294.815368999922,-83.3558859838999,-69.54843262408987
6295.050720055182,107.88569234553329,90.0116433754585
6298.594044960019,96.9096495320379,80.80858018828997
6298.705444769437,-68.85178149732143,-57.41137575745067
6301.6726152097035,85.68007753157869,71.40984417557003
6301.995593162385,-54.59296665395703,-45.49803824732188
6304.276666268022,74.19649233422176,61.81333587087391
6304.6968560917385,-40.58135657011579,-33.80620515394447
6306.396329812142,62.45857052777809,52.01694608053243
6306.8201663609725,-26.818623979664306,-22.3336710421619
6308.021633248766,50.46615589949404,42.018555900246945
6308.376348147933,-13.306207540967511,-11.078240005526693
6309.142499230207,38.219266196815276,31.816036732407973
6309.376117488652,-0.045319961568089935,-0.03772568957817071
6309.748745170475,25.718100049653994,21.40725030407644
6309.830082761399,12.963044056713345,10.790048685674375
