Imperial	9	Max Pwr: 311.4 hp(I) @ 6158 RPM / Max TQ: 268.5 lbf-ft @ 6006 RPM	1.22	0.39	3.15	108.95426808497217
2656.7435281335274,54.35896867045844,107.4621805338797
2661.648387119559,53.43004252738171,105.43114140285363
2666.456441296093,52.59339857696954,103.593096260148
2671.177104169075,51.845262075127366,101.9390218766528
2675.819345240281,51.181927627409266,100.46017276141332
2680.3917037488445,50.59976290347755,99.14807538903828
2684.902302126179,50.09521176751052,97.99452250651984
2689.3588591682287,49.66479687548434,96.99156751876197
2693.7687029289386,49.30512178679585,96.13151895211911
2698.1387833388167,49.01287263442607,95.40693499525536
2702.475684552421,48.784819394757704,94.81061811664081
2706.785637028574,48.61781679524717,94.33560975800837
2711.0745293470723,48.50880489540481,93.97518510310096
2715.3479197656407,48.45480937394764,93.72284792104425
2719.611047520824,48.4529415525501,93.57232548368624
2723.868843876507,48.50039818432397,93.51756355625089
2728.125942923701,48.59446103299925,93.55272146065691
2732.3866921352082,48.73249626675066,93.67216721085973
2736.655162678754,48.91195368870931,93.87047271957734
2740.935159492138,49.130365824413424,94.14240907576719
2745.230231123919,49.385346884776986,94.4829418922244
2749.5436793431318,49.67459162158818,94.88722672267673
2753.8785685214943,49.99587409108184,95.35060454775504
2758.237734791534,50.347046339760304,95.86859732922278
2762.6237949840292,50.72603702535651,96.4369036318508
2767.039155348146,51.1308499846409,97.05139431232874
2771.486020057596,51.55956275866101,97.70810827460657
2775.966399506135,52.01032508496921,98.40324829106378
2780.4821183956797,52.48135736543342,99.13317688890788
2785.0348236202835,52.97094911733303,99.89441230120526
2789.6259919492104,53.47745741461754,100.68362448195266
2794.2569375122744,53.99930532543983,101.49763118459866
2798.9288190906286,54.534980351371,102.33339410342948
2803.6426472161174,55.08303287305217,103.1880150772346
2808.399291082308,55.64207460643945,104.05873235467169
2813.1994852702683,56.21077707324767,104.94291692075228
2818.043836292139,56.787870088694355,105.83806888387362
2822.932828955517,57.37214026918267,106.74181392282327
2827.866832551634,57.962429562141445,107.65189979318635
2832.8461068702973,58.55763379985698,108.56619289258866
2837.870808044512,59.15670127878268,109.48267488421035
2842.9409942277052,59.75863136549808,110.39943937800726
2848.056631106403,60.36247313020495,111.31468866908132
2853.2175972512296,60.96732400839239,112.22673053264104
2858.423689309033,61.57232849107571,113.13397507499843
2863.6746270389326,62.1766768438097,114.03493164004863
2868.9700581950524,62.779603854497985,114.92820577068345
2874.309563258673,63.38038760986073,115.81249622458924
2879.6926600225133,63.97834830028594,116.68659204388538
2885.11880802982,64.57284705266834,117.54936967805905
2890.587412870921,65.16328479073844,118.39979015965615
2896.097830339867,65.74910112229576,119.23689633218977
2901.6493704537615,66.32977325268834,120.05981012972995
2907.241301337352,66.90481492382106,120.86772990764108
2912.8728529754317,67.47377537792742,121.65992782393585
2918.543220835561,68.03623834530231,122.43574727071517
2924.251569363615,68.59182105516857,123.19460035516913
2929.9970353546146,69.14017326883007,123.93596542961228
2935.7787312012797,69.68097633425677,124.65938467003288
2941.5957480227307,70.21394226124401,125.36446170263515
2947.44715867571,70.73881281629188,126.05085927785598
2953.3320206506996,71.25535863636264,126.71829699134224
2959.2493788552615,71.76337836068764,127.36654905137456
2965.1982682869184,72.26269777981601,127.99544209222763
2971.1777165978574,72.75316900111939,128.60485303295653
2977.186746553712,73.23466962999589,129.19470698110504
2983.224378388665,73.70710196604517,129.7649751808319
2989.2896320590785,74.17039221351683,130.31567300495007
2995.3815293978287,74.62448970537258,130.84685799038544
3001.499096171517,75.06936614033224,131.358627916552
3007.641364042682,75.50501483231558,131.8511189261532
3013.8073724391256,75.93144997172554,132.3245036879149
3019.9961703324366,76.34870589805752,132.77898960076035
3026.2068179277803,76.75683638335776,133.21481703893943
3032.4383882669767,77.15591392609117,133.632257637628
3038.6899687468913,77.54602905501608,134.0316126185125
3044.9606625551232,77.92728964270026,134.41321115487855
3051.249590024949,78.29982022835274,134.77740877573044
3057.5558899114717,78.66376134967305,135.12458580845652
3063.8787205908843,79.01926888346505,135.45514585957721
3070.217261184744,79.36651339478412,135.7695143330939
3076.5707126111256,79.70567949443087,136.06813698598063
3082.9382985644966,80.03696520462162,136.35147852034004
3089.3192664261446,80.36058133271139,136.62002121177392
3095.7128881069475,80.67675085285352,136.87426357348883
3102.1184608242697,80.9857082955276,137.114719055695
3108.535307814732,81.28769914487437,137.34191477982978
3114.96277898459,81.58297924380942,137.5563903071552
3121.4002514994304,81.87181420690474,137.7586964412753
3127.8471303148626,82.15447884105134,137.94939406412806
3134.3028486498793,82.43125657392773,138.12905300499773
3140.7668684045166,82.70243889032223,138.29825094210736
3147.2386805234396,82.96832477636912,138.4575723363478
3153.717805307048,83.22922017177012,138.60760739669976
3160.20379267167,83.48543743009014,138.74895107691614
3166.6962223604105,83.73729478722092,138.88220210302526
3173.194704106167,83.98511583811685,139.0079620312216
3179.6988777483366,84.2292290219174,139.1268343357162
3186.2084133046937,84.46996711557257,139.23942352611627
3192.723010999913,84.70766673609413,139.3463342939069
3199.2424012521724,84.94266785156084,139.44817068761563
3205.7663446192637,85.17531330100216,139.54553531623174
3212.294631705619,85.40594832329481,139.63902858046978
3218.8270830316305,85.63492009519702,139.72924793145404
3225.3635488666223,85.86257727865032,139.8167871564133
3231.9039090268216,86.08926957747276,139.90223569097074
3238.448072639642,86.31534730357141,139.98617795762937
3244.995977875584,86.54116095278482,140.0691927300324
3251.5475916490295,86.76706079047348,140.1518525226023
3258.102909289193,86.9933964469693,140.2347230051599
3264.661954182457,87.22051652297806,140.31836244211297
3271.2247773873314,87.44876820503728,140.40332115582714
3277.791457223216,87.67849689111414,140.4901410137811
3284.362098834149,87.91004582641892,140.57935493910696
3290.9368337287224,88.14375574951627,140.67148644414192
3297.515819297274,88.37996454878126,140.76704918658115
3304.0992383074954,88.61900692927082,140.8665465478723
3310.6872983795615,88.8612140900368,140.9704712334407
3317.280231441843,89.10691341193025,141.07930489439008
3323.8782931682936,89.35642815591692,141.19351777029087
3330.481762398541,89.6100771719072,141.3135683526638
3337.090940541701,89.86817461813001,141.4399030688237
3343.706150964939,90.1310296910198,141.572955985671
3350.3277383677632,90.3989463656182,141.71314853308857
3356.9560681430057,90.67222314646378,141.8608892465755
3363.591525725469,90.95115282892579,142.0165735287372
3370.2345159291494,91.2360222709478,142.1805834292876
3376.8854622739664,91.52711217514894,142.35328744320486
3383.5448063028907,91.82469688120739,142.53504032666538
3390.213006890355,92.12904416847005,142.72618293042504
3396.8905395428073,92.44041506869577,142.92704205027718
3403.577895692254,92.75906368885074,143.13793029424963
3410.275581983621,93.08523704385657,143.35914596618883
3416.984119556734,93.41917489918406,143.59097296538405
3423.704043323736,93.76110962318624,143.8336807018961
3430.4359012426758,94.11126604904415,144.08752402724207
3437.1802535880784,94.46986134620792,144.35274318010823
3443.937672219201,94.83710490118852,144.62956374673897
3450.7087398467042,95.21319820757911,144.91819663569416
3457.4940492984742,95.5983347651512,145.21883806662635
3464.294202785256,95.99269998786724,145.5316695727354
3471.1098111667898,96.39647112069063,145.85685801662638
3477.941493219117,96.80981716499198,146.19455561917974
3484.7898749036713,97.23289881242667,146.54490000116888
3491.6555886388314,97.66586838710226,146.908014237278
3498.539272574484,98.10886979586104,147.28400692219495
3505.441569870262,98.56203848654087,147.67297224851166
3512.3631279779593,99.02550141399634,148.07499009605345
3519.3045979287836,99.49937701374766,148.49012613238548
3526.266633625899,99.9837751830637,148.91843192416326
3533.2498911428543,100.47879726929816,149.3599450590125
3540.2550280284095,100.98453606533292,149.8146892776791
3547.282702618223,101.5010758119059,150.28267461608127
3554.333573353966,102.02849220670107,150.76389755704116
3561.408298110239,102.56685241998639,151.25834119134558
3568.5075335298316,103.11621511664117,151.76597538786123
3575.63193436775,103.67663048441187,152.28675697243096
3582.782152844397,104.24814026820026,152.82062991522625
3589.9588380083887,104.83077781024768,153.36752552631404
3597.1626351093655,105.42456809601757,153.92736265910924
3604.394184981191,106.0295278056386,154.50004792146905
3611.654123435933,106.64566537074447,155.08547589414368
3618.9430806689606,107.27298103652531,155.68352935626874
3626.261680675506,107.9114669288843,156.29407951769346
3633.610540679044,108.5611071265086,156.9169862578145
3640.9902705718077,109.22187773772521,157.5520983706712
3648.40147236771,109.89374698199933,158.19925381603812
3655.844739667988,110.57667527592933,158.85827997623997
3663.3206571398528,111.27061532360479,159.528993918429
3670.8298000084237,111.97551221120968,160.21120266208365
3678.3727335621566,112.69130350571753,160.90470345143513
3685.9500126720277,113.41791935758084,161.6092840326024
3693.562181324739,114.15528260727422,162.3247229351491
3701.209772170092,114.90330889561508,163.05078975786992
3708.8933060827735,115.66190677769166,163.78724545846987
3716.6132917387467,116.43097784036591,164.53384264699605
3724.3702252063945,117.2104168231617,165.29032588265366
3732.1645895526317,118.00011174255529,166.0564319739257
3739.9968544640724,118.7999440194503,166.83189028158424
3747.867475883463,119.6097886098473,167.616423024494
3755.7768956614455,120.42951413856957,168.40974558790236
3763.725541223859,121.25898303598784,169.21156683401415
3771.713825254559,122.09805167764836,170.02158941460266
3779.742145393984,122.94657052674836,170.83951008544935
3787.810883953455,123.80438427936845,171.6650200223649
3795.9204076453316,124.67133201243398,172.49780513862203
3804.071067329098,125.54724733427777,173.33754640349224
3812.263197773341,126.4319585378052,174.18392016175977
3820.4971174337816,127.32528875616805,175.03659845394452
3828.773128247378,128.22705612090465,175.89524933704067
3837.091515442319,129.137073922472,176.7595372055428
3845.452547364251,130.0551507731673,177.62912311260376
3853.856475318443,130.98109077231283,178.50366509102915
3862.3035334280803,131.9146936737441,179.38281847401646
3870.793938508479,132.85575505546217,180.2662362153232
3879.3278899574016,133.8040664914917,181.15356920877366
3887.9055696612395,134.7594157258375,182.04446660683521
3896.5271419171127,135.7215868485092,182.9385761380848
3905.192753370873,136.69036047359958,183.8355444234132
3913.902532970781,137.66551391932998,184.73501729072933
3922.6565919368963,138.64682139004555,185.63664008800973
3931.4550237461376,139.63405416009928,186.54005799448555
3940.2979041327435,140.62698075959884,187.44491632982084
3949.185291104214,141.62536716196485,188.35086086108757
3958.117224972464,142.6289769731993,189.25753810729725
3967.093728400163,143.6375716229224,190.1645956414541
3976.1148064621357,144.6509105570269,191.07168238982388
3985.180446721542,145.66875143197416,191.9784489283593
3994.2906193209205,146.69085031054425,192.884547775928
4003.445277087698,147.7169618592239,193.78963368450914
4012.6443556540894,148.74683954688166,194.69336392580917
4021.887773591394,149.78023584490546,195.5953985744417
4031.1754325581423,150.81690242859378,196.49540078734498
4040.50721746219,151.85659037979767,197.39303707935466
4049.8829966365493,152.89905039068674,198.28797759471
4059.3026220284773,153.9440329686847,199.1798963745151
4068.7659294020395,154.99128864227697,200.06847161970447
4078.27273855348,156.04056816785402,200.95338594971082
4087.8228535396133,157.09162273730936,201.83432665642067
4097.416062918517,158.14420418639537,202.71098595342522
4107.052140002795,159.19806520373794,203.58306122039994
4116.730843124704,160.25295954036054,204.45025524243798
4126.451915913264,161.30864221963532,205.31227644421622
4136.215087582809,162.36486974758014,206.16883911891438
4146.020073232839,163.42140032336485,207.01966365172424
4155.866574158955,164.47799404983576,207.86447673773156
4165.754278174414,165.53441314409616,208.7030115942609
4175.682859942284,166.59042214783798,209.5350081673283
4185.6519813175255,167.6457881374032,210.36021333224468
4195.661291699134,168.70028093338604,211.17838108816994
4205.710428391674,169.75367330963465,211.98927274652647
4215.799016976271,170.8057412015416,212.79265711318942
4225.926671690187,171.85626391341367,213.58831066430477
4236.092995815283,172.90502432476373,214.37601771559872
4246.297582074623,173.95180909541574,215.15557058516498
4256.540013037067,174.99640886920855,215.9267697495608
4266.81986152941,176.03861847613942,216.68942399313673
4277.136691055859,177.0782371327094,217.44335055042188
4287.490056224362,178.11506864044577,218.1883752416714
4297.879503179518,179.14892158217765,218.92433260118864
4308.3045700416915,180.17960951613017,219.65106599864774
4318.764787352029,181.20695116740282,220.36842775303325
4329.259678522845,182.2307706168489,221.0762792393844
4339.788760293172,183.25089748690732,221.77449098795412
4350.351543189241,184.2671671245073,222.462942776092
4360.947531988856,185.279420780449,223.1415237123385
4371.576226190306,186.28750578536975,223.81013231299397
4382.237120484426,187.2912757219014,224.46867657092457
4392.929705230173,188.29059059287107,225.11707401658322
4403.653466932747,189.28531698527908,225.75525177115316
4414.40788872455,190.2753282297866,226.38314659166207
4425.192450847504,191.26050455573804,227.00070490835907
4436.006631137689,192.2407332410347,227.60788285368113
4446.849905510839,193.2159087570962,228.2046462833613
4457.721748448551,194.18593290838035,228.79097078925432
4468.621633485192,195.15071496628468,229.36684170387412
4479.549033694522,196.1101717973116,229.93225409675776
4490.503422176078,197.06422798511196,230.48721276240514
4501.484272540551,198.01281594621332,231.03173219981727
4512.491059394029,198.95587603930758,231.56583658370167
4523.5232588203235,199.89335666757142,232.0895597269834
4534.58034886172,200.82521437426806,232.6029450351064
4545.661809996168,201.75141393079363,233.10604545146927
4556.767125612754,202.67192841746638,233.5989233944627
4567.895782482703,203.58673929644587,234.08165068575647
4579.047271227275,204.49583647678384,234.55430846998442
4590.221086780777,205.39921837128844,235.01698712576817
4601.416728849508,206.29689194485334,235.4697861678541
4612.633702364955,207.18887275432914,235.9128141407537
4623.871517931847,208.07518497935982,236.3461885034109
4635.129692270037,208.95586144414918,236.7700355051237
4646.407748649828,209.83094362995365,237.1844900527212
4657.705217320534,210.7004816780225,237.58969556889994
4669.0216359316555,211.56453438266936,237.9858038416044
4680.356549946224,212.42316917458746,238.37297486480927
4691.709513046195,213.27646209374956,238.7513766701712
4703.080087528511,214.12449775202379,239.12118514997454
4714.4678446930675,214.96736928523657,239.48258387120586
4725.872365220082,215.80517829433552,239.83576388069582
4737.293239538246,216.6380347756969,240.1809235015045
4748.730068181995,217.46605704003838,240.51826812022807
4760.182462138095,218.28937162026054,240.8480099657669
4771.650043180993,219.10811316753805,241.17036787901705
4783.13244419599,219.9224243356088,241.48556707366276
4794.629309490965,220.7324556534243,241.79383888839453
4806.140295094447,221.53836538556388,242.09542053018356
4817.6650690418,222.34031938037083,242.39055480865446
4829.203311646613,223.13849090578617,242.6794898618501
4840.754715759354,223.93306047266066,242.96247887321138
4852.318987010772,224.72421564531376,243.23977977981397
4863.89584404075,225.51215083912442,243.51165497175595
4875.4850187120655,226.29706710552531,243.7783709832862
4887.086256308259,227.07917190335647,244.04019817473926
4898.699315715691,227.85867885741888,244.297410406336
4910.323969588313,228.63580750336524,244.55028470314326
4921.960004496466,229.41078301936577,244.79910091174548
4933.607221057734,230.18383594374734,245.04414134801334
4945.265434049718,230.95520187942918,245.28569043699866
4956.934472505505,231.72512118405018,245.5240343438771
4968.614179789276,232.4938386465046,245.75946059696767
4980.30441365408,233.26160314924127,245.9922577021775
4992.005046279177,234.02866731651747,246.22271474933805
5003.715964287921,234.7952871484703,246.4511210103692
5015.4370687453875,235.56172164066527,246.67776552908364
5027.168275135187,236.32823238964176,246.9029367033322
5038.90951331513,237.09508318361372,247.12692185874977
5050.660727452,237.86253957882997,247.35000681474497
5062.421875933227,238.6308684611284,247.57247544247917
5074.192931257401,239.40033759325294,247.79460921545532
5085.973879902089,240.17121514659405,248.01668675152442
5097.764722167709,240.9437692191128,248.23898334831978
5109.565471998792,241.71826733759136,248.46177051025123
5121.376156781447,242.49497594514898,248.68531546821552
5133.196817116612,243.27415987391598,248.90988069205258
5145.027506567757,244.05608180268854,249.13572339575308
5156.868291385446,244.84100169911414,249.36309503496403
5168.719250205801,245.62917624703744,249.5922407977082
5180.580473722947,246.4208582584103,249.82339908782836
5192.452064335936,247.21629607025514,250.05680100175906
5204.334135769786,248.01573292587946,250.29266979795622
5216.226812669714,248.81940634104524,250.53122035987678
5228.1302301669,249.62754745469095,250.77265865230865
5240.044533420207,250.44038036393889,251.0171811707073
5251.969877126882,251.25812144390372,251.26497438452753
5263.906425007542,252.0809786519079,251.51621417403723
5275.85434926153,252.9091508160089,251.77106526084495
5287.813829995853,253.74282690772733,252.02968063202306
5299.785054622079,254.58218529949662,252.29220095875533
5311.768217227236,255.4273930059337,252.55875400847236
5323.763517912965,256.2786049099367,252.82945405189523
5335.771162106978,257.1359629721057,253.10440126345614
5347.791359842044,257.9995954253497,253.38368111731904
5359.824325007645,258.8696159526537,253.6673637769077
5371.870274569456,259.7461228492875,253.9555034795969
5383.929427756782,260.62919816956725,254.2481379168182
5396.002005221844,261.5189068563582,254.54528760778422
5408.088228166614,262.41529585606605,254.84695526988278
5420.188317436705,263.31839321600614,255.1531251828856
5432.302492585888,264.22820716703393,255.4637625497752
5444.430970906867,265.14472518887266,255.7788128520628
5456.573966431055,266.0679130602932,256.09820120171884
5468.731688894864,266.9977138922918,256.42183168819685
5480.90434267515,267.9340471455578,256.7495867218342
5493.092125689516,268.8768076313218,257.0813263731078
5505.295228265928,269.82586449654985,257.41688770861845
5517.51383197797,270.7810601923064,257.7560841229918
5529.748108446463,271.74220942654154,258.09870466801004
5541.998218109857,272.709098099763,258.44451337753185
5554.26430895734,273.68148222545045,258.7932485903846
5566.5465152320085,274.6590868342053,259.14462227005095
5578.844956097399,275.64160486099365,259.4983193209732
5591.159734271811,276.6286960176881,259.8539969034656
5603.4909346268505,277.61998564820556,260.211283744941
5615.838622754285,278.6150635690333,260.5697794499836
5628.202843494265,279.613482893548,260.929053808155
5640.583619434277,280.6147588404072,261.2886460994235
5652.980949369949,281.6183675266562,261.6480643982749
5665.39480673313,282.6237447461337,262.00678487681415
5677.825137983546,283.6302847319275,262.36425110587294
5690.271860967088,284.6373389041534,262.7198733551532
5702.734863240867,285.644214603751,263.0730278929994
5715.21400035907,286.650173810699,263.42305628453556
5727.709094129155,287.6544318497182,263.769264690469
5740.219930828445,288.6561560809466,264.1109231645795
5752.746259390915,289.6544645777928,264.4472649513279
5765.287789554317,290.6484247920574,264.777485783932
5777.844189976382,291.63705220704173,265.1007431829455
5790.41508631269,292.61930897726165,265.41615575416716
5803.000059264248,293.5941025584025,265.7228024885296
5815.598642585603,294.56028432574124,266.0197220624316
5828.2103210623945,295.5166481828415,266.305912139361
5840.834528450905,296.46192916042855,266.58032867263563
5853.4706453872805,297.3948020072276,266.84188521003665
5866.117997257726,298.31387977279115,267.08945220021815
5878.775852037545,299.2177123839057,267.32185630136803
5891.443418094708,300.1047852144879,267.53787969158515
5904.119841962717,300.97351765145726,267.73625938226667
5916.804206071971,301.8222616567024,267.9156865343132
5929.495526455707,302.64930032672834,268.0748057769873
5942.192750417577,303.45284645172813,268.21221453063316
5954.894754168237,304.23104107356255,268.32646233146784
5967.600340426057,304.9819520478989,268.41605016223053
5980.308235989128,305.7035726078598,268.47942978485287
5993.017089267063,306.3938199339262,268.51500307860516
6005.725467790284,307.05053373050714,268.52112138193615
6018.431855678461,307.6714748119326,268.49608483980745
6031.134651081009,308.2543236989134,268.4381417553187
6043.832163584957,308.7966792285103,268.345487946852
6056.522611589876,309.2960571800087,268.2162661110837
6069.204119656008,309.7498889180944,268.0485651909451
6081.874715815251,310.1555200575319,267.84041975066236
6094.532328854847,310.51020915081466,267.5898093566089
6107.174785573146,310.81112640165355,267.29465796425967
6119.79980799939,311.05535240874764,266.9528333130861
6132.405010590466,311.2398769414739,266.5621463277397
6144.987897392244,311.36159775156284,266.12035052694665
6157.545859177288,311.4173194251585,265.6251414405988
6170.076170551709,311.40375227724513,265.07415603414063
6182.575987032962,311.31751129299784,264.46497214100793
6195.042342101486,311.1551151229246,263.79510790561784
6207.47214422865,310.9129851299444,263.0620212318463
6219.862173867203,310.58744450115427,262.2631092448684
6232.20908042997,310.1747174205951,261.39570775840485
6244.50937923098,309.67092831525576,260.4570907549462
6256.759448406278,309.072101174453,259.4444698742475
6268.955525813191,308.37415895048713,258.3549939125585
6281.093705895959,307.5729230464753,257.18574833359554
6293.169936537642,306.6641128953914,255.93375478916573
6305.180015884296,305.643345638262,254.5959706518481
6317.119589145783,304.5061359073726,253.16928855939048
6328.984145378118,303.24789572186796,251.65053597152863
6340.7690142395695,301.86393449931285,250.03647473705124
6352.469362731521,300.3494591980776,248.32380067733618
6364.080191914744,298.69957458867304,246.50914317925736
6375.596333610742,296.9092836678524,244.58906480241353
6387.012447077801,294.97348822496264,242.56006090253473
6398.3230156772015,292.88698956170526,240.41855926482907
6409.522343517496,290.6444893819162,238.16091975459463
6420.604552077757,288.24059085681995,235.7834339824334
6431.563576827667,285.6697998734571,233.28232498240297
6442.393163817134,282.92652648041445,230.65374690811774
6453.086866262727,280.0050865381729,227.89378474391816
6463.638041120875,276.89970358309176,224.99845403076927
6474.039845634763,273.60451091951137,221.96370061078358
6484.285233887,270.11355394831975,218.78540038739263
6494.366953331298,266.4207927441894,215.45935910314398
6504.277541313655,262.52010489374885,211.98131213552188
6514.0093215900015,258.4052886051595,208.3469243096022
6523.554400826918,254.07006610496256,204.55178973109102
6532.904665103835,249.5080873310763,200.59143163630404
6542.051776402199,244.7129339387335,196.46130226281548
6550.987169092292,239.67812363009185,192.15678273849616
6559.702046415514,234.39711482382134,187.67318299126782
6568.187376957783,228.86331167835843,183.00574167952942
6576.43389112829,223.07006948347507,178.14962614314467
6584.432077630976,217.0107004340885,173.09993237478506
