Imperial	5	Max Pwr: 305.2 hp(I) @ 6033 RPM / Max TQ: 273.8 lbf-ft @ 5635 RPM	1.51	0.71	3.04	114.15234827397882
2286.7631447434833,41.2569455807506,94.75670698838678
2291.11913727407,41.622572944697325,95.41470715239227
2295.5074945218216,41.984934077393106,96.06138238294699
2299.9276532012314,42.34407249691093,96.69689326548863
2304.379058040865,42.700031360321205,97.32139954787658
2308.86116174131,43.052853485523315,97.93506014035299
2313.3734249331205,43.40258137238816,98.53803311550654
2317.9153161347676,43.7492572232246,99.13047570823835
2322.486311710586,44.09292296258314,99.71254431572996
2327.0858958287217,44.43362025640965,100.28439449741336
2331.7135604190785,44.7713905305621,100.84618097494328
2336.368805131268,45.10627498870295,101.39805763217116
2341.0511372925544,45.43831462957951,101.94017751512109
2345.760071865806,45.767550263704955,102.47269283196776
2350.4951314074374,46.09402252945167,102.99575495301565
2355.255846025363,46.417771908569804,103.50951441068077
2360.041753336941,46.738838741141784,104.01412089947296
2364.8523984269204,47.05726323998567,104.50972327598082
2369.687333805392,47.37308550451807,104.99646955885721
2374.5461193657334,47.68634553408864,105.47450692880709
2379.4283223425573,47.99708324079699,105.943981728576
2384.3335172696593,48.305338461803466,106.40503946294027
2389.261285937966,48.611150971144795,106.85782479869864
2394.211217353481,48.91456049106501,107.30248156466469
2399.182907695235,49.2156067028731,107.73915275166094
2404.175960273231,49.514329257337096,108.16798051251367
2409.1899854863927,49.81076778462573,108.5891061620492
2414.224600780514,50.104961903807414,109.00267017709078
2419.2794306062037,50.39695123191706,109.40881219645702
2424.354106376835,50.68677539260033,109.8076710209608
2429.448266426492,50.974474024345575,110.19938461340934
2434.5615559679195,51.26008678831271,110.58409009860485
2439.6936270504675,51.54365337576905,110.96192376334646
2444.8441385180413,51.82521351514119,111.33302105643256
2450.012755967048,52.104806978692444,111.69751658866399
2455.199151704345,52.382473588834586,112.05554413284774
2460.4030047051856,52.65825322408374,112.4072366238019
2465.6240005711697,52.932185824668174,112.75272615836039
2470.8618314881887,53.20431139779774,113.09214399537882
2476.1161961843754,53.47467002260311,113.42562055574103
2481.3867998880487,53.74330185475305,113.75328542236554
2486.6733542856655,54.01024713075881,114.07526734021289
2491.975577479763,54.2755461719731,114.39169421629362
2497.2931939469117,54.539239388292145,114.70269311967611
2502.625934495659,54.80136728156873,115.00839028149528
2507.9735362244787,55.061970448743914,115.3089110949613
2513.335742479719,55.32108958470538,115.60438011536901
2518.712302813549,55.57876548487963,115.89492106010717
2524.1029729419056,55.83503904756586,116.18065680866833
2529.507514702444,56.089951276018574,116.46170940265883
2534.925696012483,56.34354328028635,116.738200045809
2540.3572908269534,56.59585627881345,117.01024910398338
2545.8020790963456,56.84693159981182,117.27797610519151
2551.259846724656,57.09681068240981,117.5414997395985
2556.7303855273376,57.345535077584536,117.80093785953585
2562.213493189244,57.59314644888447,118.05640747951222
2567.708973222581,57.83968657294869,118.30802477622447
2573.2166349248496,58.08519733982927,118.55590508856878
2578.736293336798,58.32972075312287,118.80016291765149
2584.2677692003663,58.573298929917684,119.04091192680019
2589.8108889166365,58.81597410056202,119.27826494157482
2595.3654845037768,59.0577886082599,119.51233394977844
2600.931393554993,59.29878490850005,119.74323010146851
2606.5084591964737,59.53900556832343,119.97106370896738
2612.0965300453386,59.77849326543521,120.19594424687335
2617.695460167586,60.01729078716641,120.41798035207121
2623.305109036042,60.2554410292908,120.6372798237429
2628.925341488304,60.492986994701816,120.85394962337777
2634.5560276846936,60.72997179195533,121.06809587478318
2640.197043066201,60.96643863368242,121.27982386409421
2645.848268312432,61.20243083487781,121.48923803978393
2651.509589299559,61.43799181106829,121.69644201267303
2657.1808970582656,61.67316507636598,121.90153855593942
2662.8620877316953,61.907994241411075,122.10462960512764
2668.5530625333986,62.142523011208255,122.30581625815769
2674.253727705282,62.37679518286174,122.50519877533439
2679.963994475554,62.61085464321249,122.70287657935567
2685.6837790166746,62.84474536638237,122.89894825532112
2691.4130024033007,63.078511411228874,123.09351155073978
2697.1515905702345,63.31219691871501,123.28666337553861
2702.8994742703735,63.54584610919741,123.47849980206962
2708.6565890326538,63.77950327963702,123.66911606511717
2714.422875120001,64.01321280073584,123.85860656190495
2720.198277487278,64.24701911400352,124.04706485210279
2725.98274573923,64.48096672875691,124.23458365783297
2731.7762340884337,64.71510021905621,124.42125486367604
2737.578701313246,64.94946422058109,124.60716951667675
2743.390110715749,65.18410342744986,124.79241782634935
2749.210430079701,65.4190625889847,124.97708916468248
2755.039631628481,65.65438650642639,125.16127206614411
2760.877691983038,65.89012002960078,125.34505422768557
2766.7245921198382,66.12630805354078,125.52852250874585
2772.5803173288127,66.36299551506552,125.71176293125475
2778.4448571713056,66.60022738932054,125.89486067963654
2784.3182054380204,66.8380486862805,126.07790010081264
2790.2003601069687,67.07650444721776,126.26096470420417
2796.091323301418,67.3156397411386,126.44413716173395
2801.9911012478387,67.55549966118996,126.6274993078285
2807.899704233851,67.79612932103831,126.81113213941893
2813.817146566175,68.03757385122375,126.99511581594254
2819.7434465285755,68.27987839549023,127.17952965934283
2825.6786263398117,68.52308810709488,127.36445215406998
2831.6227121115835,68.76724814509795,127.54996094708065
2837.5757338064795,69.01240367063512,127.73613284783724
2843.5377251959267,69.25859984317428,127.92304382830694
2849.5087238181336,69.50588181675795,128.11076902296043
2855.488770936042,69.75429473623359,128.2993827287699
2861.477911495273,70.0038837334728,128.48895840520706
2867.476194082075,70.25469392358109,128.67956867424041
2873.48367088127,70.50677040109954,128.87128532033233
2879.5003976342036,70.76015823619974,129.06417929043545
2885.5264335966904,71.01490247087328,129.25832069398913
2891.5618414969636,71.27104811511667,129.45377880291505
2897.606687493621,71.5286401431132,129.65062205161266
2903.661041133573,71.78772348941237,129.84891803695416
2909.724975309991,72.04834304510813,130.04873351827896
2915.7985662202545,72.31054365401677,130.25013441738795
2921.8818933238986,72.57437010885508,130.45318581853738
2927.975039300562,72.83986714741972,130.65795196843172
2934.0780900079344,73.10707944876854,130.86449627621718
2940.1911344397045,73.37605162940427,131.0728813134739
2946.3142646835063,73.64682823946124,131.28316881420824
2952.4475758788685,73.91945375889573,131.49541967484427
2958.591166175162,74.1939725936802,131.7096939542155
2964.7451366895457,74.47042907200175,131.92605087355528
2970.909591464916,74.7488674404655,132.1445488164878
2977.084637427854,75.02933186030266,132.36524532901794
2983.2703843465724,75.31186640358355,132.58819711952086
2989.4669447888637,75.59651504943622,132.81346005873172
2995.674434080048,75.88332168027,133.04108917973412
3001.8929702609207,76.17233007800455,133.27113867794884
3008.1226740456996,76.46358392030416,133.50366191112212
3014.363668779973,76.75712677681713,133.73871139931288
3020.6160803986463,77.05300210542035,133.9763388248806
3026.880037383892,77.35125324846852,134.2165950324717
3033.1556707230943,77.65192342904807,134.45953002900626
3039.4431138667987,77.95505574723549,134.7051929836644
3045.7425026866604,78.2606931763593,134.9536322278715
3052.0539754333886,78.56887855926581,135.204895255284
3058.3776726946976,78.87965460458767,135.45902872177376
3064.7137373532532,79.19306388301548,135.7160784454133
3071.0623145446198,79.50914882357077,135.97608940645924
3077.4235516152075,79.82795170988099,136.23910574733654
3083.797598080223,80.149514676455,136.5051707726215
3090.184605581613,80.47387970495875,136.77432694902495
3096.584727846015,80.8010886204903,137.04661590537467
3102.998120642702,81.1311830878535,137.32207843259752
3109.424941741533,81.46420460782946,137.6007544837013
3115.8653508709003,81.80019451344492,137.88268317375602
3122.319509675675,82.13919396623685,138.16790277987505
3128.7875816751557,82.48124395251165,138.45645074119523
3135.2697322210174,82.82638527959942,138.7483636588579
3141.766128455258,83.17465857210017,139.04367729598758
3148.2769392681444,83.52610426812323,139.34242657767228
3154.8023352561645,83.88076261551689,139.644645590942
3161.3424886799703,84.2386736680882,139.95036758474737
3167.8975734223277,84.59987728181154,140.25962496993793
3174.467764946063,84.96441311102467,140.57244931923998
3181.053240252014,85.33232060461083,140.88887136723355
3187.654177836971,85.70363900216635,141.20892101032987
3194.270757651632,86.07840733015175,141.53262730674768
3200.9031610585444,86.45666439802514,141.86001847648927
3207.551570790056,86.83844879435708,142.19112190131645
3214.2161709062607,87.22379888292497,142.52596412472576
3220.8971467529486,87.61275279878569,142.8645708519234
3227.5946849195507,88.0053484443253,143.2069669497997
3234.3089731970877,88.40162348528403,143.55317644690314
3241.0402005361198,88.80161534675547,143.9032225334143
3247.78855700469,89.2053612091577,144.2571275611186
3254.5542337462753,89.61289800417602,144.61491304337957
3261.3374229377328,90.02426241067444,144.97659965511085
3268.138317747248,90.4394908505754,145.3422072327483
3274.9571122922816,90.85861948470532,145.71175477422153
3281.794001597518,91.28168420860503,146.0852604389248
3288.6491815528134,91.70872064830304,146.4627415476878
3295.5228488711405,92.13976415604998,146.84421458274574
3302.4152010465405,92.57484980601268,147.22969518770884
3309.326436312066,93.01401238992636,147.61919816753183
3316.256753597734,93.45728641270294,148.01273748848274
3323.206352488469,93.90470608799373,148.41032627811109
3330.175433182051,94.356305333705,148.81197682521585
3337.164196447068,94.81211776746434,149.21770057981237
3344.1728435808573,95.27217670203693,149.62750815310014
3351.201576367456,95.73651514068811,150.0414093174281
3358.2505970355487,96.20516577249298,150.45941300626143
3365.320108216417,96.6781609675889,150.88152731414652
3372.4103129018813,97.15553277237035,151.30775949667589
3379.521414402256,97.63731290462442,151.7381159704527
3386.6536163042915,98.1235327486041,152.17260231305437
3393.8071224291234,98.61422335003871,152.61122326299605
3400.982136790221,99.10941541107904,153.05398271969364
3408.1788635513344,99.60913928517517,153.50088374342573
3415.3975069844423,100.11342497188565,153.95192855529544
3422.638271427699,100.62230211161574,154.40711853719162
3429.9013612433823,101.13579998028324,154.86645423174932
3437.186980775842,101.65394748390972,155.32993534230994
3444.4953343094467,102.17677315313546,155.79756073288064
3451.826626026531,102.7043051376565,156.26932842809347
3459.1810599653436,103.23657120058091,156.7452356131629
3466.5588399779967,103.77359871270444,157.2252786338445
3473.9601696884097,104.3154146467011,157.70945299639132
3481.385252450261,104.86204557122916,158.1977533675105
3488.834291304933,105.41351764494922,158.6901735743191
3496.3074889394593,105.9698566104533,159.18670660429933
3503.805047644476,106.53108778810271,159.68734460525295
3511.3271692721646,107.09723606977307,160.1920788852553
3518.8740551942037,107.66832591250477,160.7008999126086
3526.4459062597134,108.24438133205626,161.2137973157939
3534.0429227532054,108.82542589636014,161.73075988342373
3541.6653043525284,109.41148271887783,162.25177556419266
3549.3132500868187,110.0025744518534,162.7768314668279
3556.986958294444,110.59872327946306,163.30591386003906
3564.686626580954,111.19995091085956,163.83900817246717
3572.4124517770283,111.80627857310935,164.37609899263285
3580.1646298964215,112.4177270040205,164.9171700688836
3587.9433560939124,113.03431644486076,165.462204309341
3595.748824623251,113.65606663296234,166.01118378184614
3603.581228795108,114.28299679421367,166.5640897139053
3611.44076093502,114.91512563543439,167.1209024926335
3619.3276123413384,115.55247133663455,167.6816016646992
3627.2419732431763,116.19505154315303,168.24616593626598
3635.184032758357,116.84288335767688,168.8145731729349
3643.153978851362,117.49598333213802,169.38680039968543
3651.1519982912764,118.1543674594859,169.9628238008155
3659.178276609739,118.8180511653357,170.5426187198813
3667.232998058889,119.48704929948892,171.1261596596348
3675.316345569313,120.16137612732638,171.71342028196204
3683.428500707994,120.84104532107116,172.30437340781938
3691.5696436362573,121.52606995092039,172.89899101716895
3699.73995306772,122.21646247604461,173.49724424891363
3707.939606226237,122.91223473545318,174.09910340083087
3716.1687788038503,123.61339793872395,174.70453792950508
3724.4276449187346,124.31996265659693,175.31351645025973
3732.716377073146,125.03193881142931,175.926006737088
3741.035146111372,125.7493356675118,176.5419757225824
3749.384121177673,126.47216182124417,177.16138949786392
3757.7634696742375,127.20042519116922,177.78421331250917
3766.173357219123,127.93413300786402,178.41041157447762
3774.6139476042085,128.67329180368662,179.0399478500364
3783.0854027531395,129.41790740237855,179.67278486368534
3791.587882679277,130.16798490852037,180.3088844980801
3800.121545443643,130.92352869684035,180.94820779395423
3808.686547112871,131.68454240137527,181.59071495004076
3817.2830417171517,132.45102890448123,182.23636532299153
3825.9111812081824,133.2229903256956,182.88511742729645
3834.5711154171117,134.00042801044663,183.53692893520054
3843.2629920124905,134.78334251861284,184.19175667662097
3851.986956458216,135.57173361292837,184.8495566390616
3860.743151971484,136.3656002472364,185.51028396752736
3869.5317194807317,137.16494055458725,186.1738929644365
3878.3527975835877,137.9697518351832,186.84033708953257
3887.206522504822,138.7800305441667,187.5095689597939
3896.093028054287,139.59577227925357,188.18154034934292
3905.0124455848736,140.41697176820995,188.85620218935358
3913.96490395045,141.24362285617153,189.5335045679574
3922.9505294638184,142.07571849280646,190.21339673014836
3931.9694458546537,142.91325071932,190.89582707768642
3941.021774227459,143.75621065530171,191.5807431689997
3950.107633019508,144.60458848541384,192.26809171908488
3959.2271379587937,145.45837344592184,192.957818599407
3968.3804020219786,146.31755381106584,193.64986883779693
3977.567535392339,147.18211687927345,194.34418661834763
3986.788645417714,148.05204895921403,195.04071528130962
3996.0438365684545,148.92733535569397,195.73939732298422
4005.3332103953676,149.80796035539316,196.44017439561543
4014.6568654876683,150.6939072124426,197.1429873072801
4024.014897430923,151.58515813384474,197.84777602177795
4033.407398765,152.48169426473376,198.55447965851778
4042.8344589420167,153.38349567347905,199.2630364924035
4052.2961642842865,154.29054133663166,199.97338395371955
4061.7925979422666,155.2028091237115,200.68545862801156
4071.3238398525054,156.1202757818402,201.3991962559694
4080.889966695591,157.04291692021607,202.11453173330517
4090.4910518540983,157.9707069944343,202.8313991106315
4100.127165370536,158.90361929065224,203.54973159333812
4109.798373905296,159.84162590960003,204.26946154146555
4119.504740694599,160.78469775043797,204.99052046957786
4129.246325508445,161.73280449446236,205.71283904663466
4139.023184608555,162.6859145886578,206.43634709585933
4148.835370706327,163.64399522910077,207.16097359460713
4158.682932920777,164.60701234421276,207.88664667423092
4168.565916736488,165.5749305778656,208.61329361994564
4178.484363961563,166.5477132723385,209.34084087068973
4188.438312685563,167.52532245113068,210.06921401898612
4198.427797237461,168.50771880162876,210.79833781080123
4208.452848143591,169.4948616576311,211.5281361454012
4218.513492085591,170.4867089817307,212.258532075207
4228.609751858352,171.48321734755808,212.9894478056478
4238.74164632797,172.4843419218865,213.72080469501228
4248.909190389685,173.49003644659933,214.45252325429757
4259.112394925837,174.50025322052397,215.18452314705712
4269.351266763811,175.51494308113237,215.916723189246
4279.62580863398,176.53405538611108,216.64904134906496
4289.936019127659,177.55753799480183,217.3813947468016
4300.281892655053,178.58533724951653,218.11369965467026
4310.663419403195,179.6173979567272,218.8458714966503
4321.080585293907,180.65366336813364,219.57782484832092
4331.533371941736,181.6940751616125,220.3094734366958
4342.02175661191,182.73857342204812,221.04073014005465
4352.545712178282,183.78709662204926,221.77150698777288
4363.105207081277,184.83958160255386,222.5017151601494
4373.700205285841,185.89596355332466,223.23126498823245
4384.330666239388,186.95617599333826,223.96006595364307
4394.99654482975,188.0201507510714,224.6880266883972
4405.6977913431165,189.08781794468572,225.4150549747245
4416.434351421996,190.1591059621167,226.1410577448864
4427.206166023151,191.23394144106726,226.86594108099115
4438.013171375551,192.31224924891163,227.5896102148075
4448.855298938321,193.39395246251104,228.31196952757546
4459.732475358685,194.47897234794596,229.03292254981534
4470.64462242992,195.56722834016824,229.75237196113522
4481.591657049297,196.65863802257647,230.47021959003533
4492.573491176033,197.75311710651815,231.18636641371089
4503.590031789236,198.85057941072364,231.90071255785236
4514.641180845856,199.95093684067487,232.6131572964442
4525.726835238629,201.05409936791324,233.32359905156122
4536.846886754027,202.15997500929032,234.03193539316183
4548.001222030203,203.26846980616762,234.73806303888102
4559.1897225149405,204.37948780356686,235.44187785381965
4570.412264423605,205.4929310292773,236.14327485033127
4581.668718697083,206.60869947292477,236.84214818780882
4592.958950959735,207.72669106500595,237.5383911724671
4604.282821477347,208.8468016558935,238.23189625712402
4615.640185115068,209.9689249948161,238.92255504097858
4627.030891295364,211.09295270882112,239.6102582693893
4638.454783955969,212.21877428172044,240.29489583364676
4649.911701507824,213.34627703302948,240.97635677074715
4661.401476793031,214.4753460969014,241.65452926316183
4672.923937042799,215.605864401064,242.3293006386056
4684.47890383539,216.73771264576345,243.00055736980212
4696.066193054072,217.87076928272106,243.6681850742469
4707.685614845055,219.00491049411073,244.3320685139703
4719.336973575455,220.14001017155903,244.99209159529465
4731.020067791226,221.27593989517837,245.64813736859307
4742.734690175121,222.4125689126358,246.30008802804264
4754.480627504626,223.54976411826715,246.947824911379
4766.257660609919,224.68739003223882,247.5912284996449
4778.065564331816,225.82530877976836,248.23017841693988
4789.90410747971,226.96338007040654,248.86455343016593
4801.773052789529,228.10146117739083,249.49423144877213
4813.672156881677,229.23940691707352,250.11908952449545
4825.601170218988,230.37706962843689,250.73900385110196
4837.559837064665,231.51429915269682,251.3538497641241
4849.547895440233,232.65094281300534,251.9635017405956
4861.565077083489,233.78684539426018,252.56783339878604
4873.611107406445,234.92184912302633,253.16671749793196
4885.685705453276,236.055793647579,253.7600259379662
4897.788583858268,237.1885160180757,254.34762975924556
4909.919448803768,238.3198506668642,254.92939914227563
4922.077999978137,239.44962938893732,255.50520340743495
4934.263930533674,240.57768132253767,256.07491101469594
4946.476927044598,241.7038329299266,256.63838956334376
4958.716669464966,242.82790797832138,257.1955057916948
4970.982831086638,243.949727521012,257.7461255768117
4983.275078497218,245.06910987866345,258.2901139342165
4995.593071538004,246.18587062081636,258.8273350176031
5007.936463261931,247.29982254759076,259.3576521185467
5020.304899891529,248.4107756716053,259.8809276662113
5032.698020776857,249.51853720011997,260.397023227057
5045.115458353459,250.62291151741096,260.90579950454315
5057.556838100314,251.72370016738964,261.4071163388313
5070.021778497774,252.82070183647318,261.90083270648677
5082.509890985524,253.9137123367172,262.3868067201768
5095.0207799205145,255.00252458922012,262.86489562836766
5107.5540425349245,256.0869286078132,263.33495581502234
5120.109268894101,257.1667114830388,263.7968427992922
5132.686041854506,258.24165736643533,264.25041123521146
5145.283937021665,259.3115474551344,264.6955149113868
5157.90252270812,260.37615997678466,265.13200675068833
5170.54135989137,261.4352701748081,265.5597388099363
5183.200002171821,262.48865029400554,265.97856227958744
5195.877995730736,263.53606956651964,266.3883274834214
5208.57487928818,264.5772941981673,266.78888387822406
5221.290184060965,265.61208735515106,267.18008005346877
5234.023433720606,266.6402091511662,267.5617637309989
5246.774144351263,267.6614166349099,267.93378176470713
5259.5418244076845,268.6754637780081,268.29598014021457
5272.325974673165,269.6821014633701,268.6482039745475
5285.126088217485,270.6810774739845,268.9902975158142
5297.941650354862,271.67213648216966,269.32210414288085
5310.772138601896,272.65502003928833,269.64346636504513
5323.61702263552,273.62946656594283,269.95422582171
5336.475764250946,274.5952113426617,270.2542232820562
5349.347817319611,275.5519865010911,270.54329864471384
5362.232627747129,276.49952101570585,270.8212909374334
5375.129633431234,277.43754069605035,271.0880383167556
5388.038264219729,278.3657681795278,271.3433780676814
5400.957941868436,279.2839229247456,271.5871466033393
5413.888079999142,280.1917212054395,271.819179464657
5426.828084057543,281.0888761049769,272.0393113200244
5439.777351271199,281.97509751147294,272.2473759649659
5452.735270607476,282.8500921135118,272.4432063218028
5465.701222731497,283.7135633965097,272.6266344393242
5478.6745799640885,284.5652116397154,272.79749149245015
5491.654706239721,285.4047339138771,272.9556077818996
5504.640957064474,286.2318240795851,273.100812733857
5517.6326794739625,287.0461727863025,273.232934899637
5530.629211991301,287.8474674721084,273.3518019553516
5543.629884585046,288.63539236416136,273.45724070157735
5556.634018627139,289.40962847990164,273.54907706302043
5569.640926850861,290.16985362901016,273.62713608818467
5582.649913308775,290.91574241613745,273.69124194903793
5595.660273330679,291.64696624442337,273.7412179406815
5608.671293481546,292.3631933198171,273.7768864810167
5621.682251519478,293.0640886562228,273.79806911041425
5634.692416353651,293.74931408148296,273.80458649138524
5647.701048002267,294.4185282442146,273.79625840824895
5660.707397550494,295.0713866215255,273.772903766808
5673.710707108416,295.7075415276136,273.73434059401757
5686.710209768988,296.3266421232812,273.6803860376607
5699.705129565971,296.9283344263711,273.61085636602104
5712.694681431894,297.5122613231545,273.52556696756164
5725.678071155988,298.078062580675,273.4243323506006
5738.6544953421435,298.6253748600793,273.3069661429898
5751.62314136685,299.1538317309472,273.17328109179647
5764.58318733715,299.66306368664164,273.02308906298424
5777.533802048589,300.15269816069934,272.85620104109887
5790.474144943155,300.6223595442763,272.67242712895245
5803.403366067225,301.07166920467506,272.4715765473125
5816.320606029529,301.50024550496767,272.25345763459154
5829.224995959074,301.9077038247383,272.0178778465408
5842.115657463115,302.29365658196167,271.7646437559434
5854.991702585083,302.6577132560421,271.49356105231345
5867.852233762542,302.99948041202987,271.2044345415948
5880.696343785141,303.31856172604,270.89706814586486
5893.523115752552,303.61455801188947,270.57126490304023
5906.331623032425,303.8870672489769,270.22682696658427
5919.1209292183285,304.13568461142904,269.86355560522134
5931.890088087703,304.36000249852736,269.4812512026494
5944.638143559809,304.55961056644855,269.0797132572618
5957.364129653671,304.73409576132724,268.6587403818668
5970.0670704460235,304.88304235367457,268.21813030341457
5982.745980029271,305.0060319741718,267.7576798627278
5995.399862469412,305.10264365085703,267.277185014235
6008.027711764017,305.17245384773537,266.7764408257085
6020.628511800149,305.21503650482805,266.255241478006
6033.201236312325,305.22996307969464,265.71338026482016
6045.744848840464,305.2168025904369,265.15064959242676
6058.258302687827,305.17512166022203,264.56684097944265
6070.740540878975,305.1044845633443,263.96174505658763
6083.190496117706,305.0044532728428,263.3351515664482
6095.607090745008,304.87458750971444,262.68684936325263
6107.989236697009,304.7144447937307,262.0166264126451
6120.33583546292,304.5235804958937,261.3242697914688
6132.645778042978,304.3015478925561,260.6095656875561
6144.9179449064195,304.0478982212241,259.8722993995212
6157.1512059493825,303.76218073807297,259.1122553365606
6169.344420452902,303.4439427772055,258.32921701826143
6181.496437040823,303.0927298116688,257.52296707441315
6193.606093637769,302.7080855162667,256.6932872448289
6205.672217427073,302.28955183218574,255.8399583791713
6217.693624808746,301.8366690334683,254.96276043678697
6229.6691213574,301.3489757953544,254.06147248654807
6241.5975017802175,300.8260092645235,253.13587270670058
6253.47754987488,300.26730513126114,252.18573838472128
6265.30803848754,299.6723977035791,251.21084591718125
6277.087729470739,299.0408199833167,250.21097080961846
6288.815373641379,298.37210374425297,249.18588767641882
6300.489710738659,297.66577961225613,248.13537024070516
6312.109469382024,296.9213771474987,247.05919133423478
6323.673367029114,296.1384249287701,245.95712289730673
6335.18010993371,295.316450639913,244.82893597867763
6346.628393103694,294.4549811584134,243.6744007354864
6358.016900258963,293.5535426461743,242.49328643318987
6369.344303789416,292.6116606425062,241.28536144550813
6380.609264712886,291.6288601593557,240.05039325437787
6391.810432633078,290.60466577881243,238.7881484499185
6402.946445697526,289.53860175291845,237.4983927304071
6414.015930555541,288.4301921058163,236.18089090226664
6425.017502316165,287.27896073825855,234.8354068800611
6435.9497645061,286.08443153452095,233.46170368650704
6446.811309027667,284.8461284717385,232.05954345249089
6457.600716116762,283.56357573170914,230.62868741710253
6468.316554300791,282.2362978151894,229.1688959276813
6478.9573803566145,280.86381965870953,227.67992843986818
6489.521739268508,279.44566675395873,226.1615435176801
6500.008164186105,277.9813652697488,224.61349883358713
6510.4151763823465,276.47044217661045,223.0355511686097
6520.741285211414,274.9124253740454,221.42745641242794
6530.9849880667025,273.30684382046655,219.78896956350138
6541.144770338738,271.6532276658664,218.11984472920702
6551.2191053731585,269.9511083872434,216.41983512598856
6561.206454428633,268.2000189268203,214.68869307952102
6571.105266634824,266.39949383309414,212.9261700248923
6580.913978950335,264.5490694047428,211.1320165067947
6590.631016120649,262.6482838374353,209.3059821797376
6600.254790636085,260.6966773735732,207.44781580827274
6609.783702689745,258.69379245499863,205.55726526723504
6619.216140135459,256.63917387871186,203.63407754200307
6628.550478445726,254.53236895562335,201.67799872877148
6637.785080669677,252.37292767238839,199.6887740348443
6646.918297391012,250.16040285635324,197.6661477789441
6655.948466685944,247.8943503436499,195.60986339153717
6664.873914081167,245.57432915048565,193.5196634151818
6673.692952511772,243.19990164764607,191.3952895048865
6682.403882279223,240.7706337382739,189.23648242849578
6691.004991009282,238.2860950389374,187.04298206708748
6699.494553609989,235.74585906404872,184.8145274153965
6707.87083222957,233.1495034136459,182.5508565822493
6716.132076214402,230.49660996460454,180.25170679102786
6724.276522066983,227.78676506529504,177.91681438014632
6732.302393403832,225.0195597337401,175.5459148035551
6740.207900913481,222.19458985930038,173.1387426312593
6747.9912423144015,219.31145640793693,170.69503154986307
6755.65060231295,216.3697656310858,168.21451436313458
6763.184152561327,213.36912927818773,165.69692299259364
6770.5900516155125,210.30916481290828,163.14198847812065
6777.866444893234,207.18949563309832,160.54944097859078
6785.011464631882,204.0097512945211,157.91900977252712
6792.023229846483,200.76956773840774,155.2504232587839
6798.899846287648,197.46858752286226,152.54340895724846
6805.639406399498,194.10646005817046,149.79769350957028
6812.239989277634,190.68284184605145,147.01300267991508
6818.699660627077,187.1973967228914,144.1890613557424
6825.016472720205,183.6497961070063,141.32559354861127
6831.1884643547255,180.03971924997467,138.4223223950107
6837.2136608116,176.36685349208298,135.47897015721838
6843.090073812995,172.63089452192284,132.4952582241819
