Imperial	5	Max Pwr: 435.3 hp(I) @ 6766 RPM / Max TQ: 337.9 lbf-ft @ 6766 RPM	2.04	0.55	3.65	98.30744132512648
2307.471613668961,100.60544064999524,228.9913998735056
2318.4214471511823,99.41642052559597,225.2162942274162
2329.1840059511783,98.23347661313072,221.50818922904725
2339.7626265871163,97.05729726038093,217.86650437726428
2350.1606166149413,95.88854260160656,214.29066136455825
2360.3812547345938,94.72784530027334,210.78008407429672
2370.4277908962276,93.5758112775473,207.33419857804788
2380.3034464064294,92.43302042674424,203.95243313297507
2390.011414034436,91.30002731392203,200.6342181793025
2399.5548581183525,90.17736186480022,197.3789863378482
2408.936914671374,89.06553003819107,194.18617240762535
2418.160691487998,87.96501448612325,191.0552133635082
2427.2292682502493,86.8762752008399,187.9855483539642
2436.1456966338933,85.79975014884829,184.9766186988482
2444.9130004146577,84.73585589219941,182.02786788725908
2453.5341755744494,83.68498819717244,179.13874157545754
2462.0121904075727,82.64752263053835,176.30868758484246
2470.3499856269486,81.62381514357541,173.5371558999871
2478.550474470333,80.61420264400697,170.82359866673107
2486.616542806534,79.61900355603125,168.16747019032883
2494.5510492416324,78.6385183686113,165.56822693365325
2502.356825225199,77.67303017219085,163.0253275154523
2510.0366751565107,76.72280518400137,160.53823270865846
2517.5933764907745,75.78809326212387,158.10640543874942
2525.0296798453396,74.86912840846685,155.72931078215953
2532.3483091059206,73.96612926082143,153.4064159647398
2539.5519615328135,73.07929957415195,151.13719036026626
2546.6433078671143,72.2088286912802,148.92110548899544
2553.6249924369386,71.35489200311933,146.75763501626625
2560.4996332636383,70.51765139861116,144.64625475114568
2567.269822168021,69.6972557045219,142.58644264512031
2573.9381248765694,68.89384111524603,140.57767879082888
2580.5070811276573,68.10753161277059,138.61944542083836
2586.9792047777696,67.33843937694758,136.7112269064603
2593.3569839077213,66.58666518622287,134.8525097566073
2599.642880928874,65.85229880896767,133.0427826166893
2605.839332689356,65.13541938555721,131.281536267547
2611.9487505802795,64.43609580134063,129.56826362442388
2617.9735206419596,63.75438705064374,127.90245973597344
2623.9160036701333,63.09034259194604,126.2836217833031
2629.778535322177,62.44400269437072,124.71124907905171
2635.5634262233248,61.81539877562677,123.1848430665018
2641.272962072888,61.20455373153934,121.70390731872456
2646.909403750471,60.61148225730395,120.26794753775658
2652.4749874221943,60.03619116059915,118.87647155380857
2657.971924646908,59.478679666690056,117.52898932450384
2663.4024024824134,58.93893971565518,116.22501293414807
2668.768583591679,58.416956251865585,114.96405659302583
2674.0726063490624,57.912707505847095,113.74563663672753
2679.316584946524,57.4261652686519,112.56927152550249
2684.50260949985,56.95729515886718,111.4344818436393
2689.6327461548676,56.50605688238514,110.34079029887197
2694.709037193665,56.072404485059536,109.28772172181186
2699.7335011408095,55.65628659837032,108.27480306540352
2704.7081328695654,55.25764667821911,107.30156340440529
2709.6349037081127,54.876423236974844,106.3675339348923
2714.5157615457665,54.512550068889695,105.47224797378303
2719.352630939193,54.16595646900215,104.61524095838686
2724.1474132186313,53.8365674456449,103.79605044597362
2728.901986594108,53.52430392667252,103.01421611336364
2733.618206261659,53.22908295952324,102.26927975653777
2738.297904509545,52.95081790522821,101.56078529026689
2742.942890824473,52.68941862648003,100.88827874776031
2747.554951997812,52.44479166987142,100.25130828033292
2752.135852231813,52.21684044241324,99.64942415708876
2756.6873332458254,52.00546538244118,99.08217876462348
2761.211114382519,51.81056412501743,98.54912660674215
2765.708892714099,51.63203166193403,98.04982430419358
2770.182343148526,51.46976049642277,97.58383059442002
2774.633118535734,51.32364079267562,97.15070633132231
2779.062849773849,51.19356052027808,96.75001448503902
2783.4731459154073,51.079405593657405,96.3813201417397
2787.8655942735736,50.981060006646054,96.04419050343213
2792.2417605283604,50.898405962259794,95.738194887782
2796.6031888328453,50.83132399778843,95.46290472794537
2800.9514019193894,50.77969310529691,95.21789357241349
2805.2879012058565,50.743390847632284,95.0027370848691
2809.614166901832,50.722293470032014,94.81701304405405
2813.9316581148396,50.716276007426686,94.66030134364718
2818.2418129565604,50.72521238753132,94.53218399215363
2822.5460486490515,50.748975529815624,94.43224511280326
2826.8457616309647,50.787437440444705,94.36007094345882
2831.142327663765,50.84046930327971,94.3152498365337
2835.4371019379482,50.90794156702653,94.29737225891763
2839.731419179259,50.98972402862089,94.30603079191177
2844.026593754911,51.08568591293554,94.3408201311711
2848.323919779804,51.19569594889535,94.40133708665492
2852.624671222743,51.31962244208457,94.48718058258416
2856.930102012655,51.45733334393009,94.59795165740678
2861.24144614481,51.60869631754186,94.7332534637681
2865.5599177870376,51.77357880029339,94.89269126848895
2869.8867113859455,51.95184806322179,95.07587245254969
2874.223001773139,52.143371267326046,95.28240651107862
2878.5699442714376,52.348015516843425,95.51190505334736
2882.9286748010954,52.56564790958008,95.76398180277052
2887.300309986018,52.79613558437268,96.03825259691038
2891.6859472599826,53.039345765756146,96.3343353874859
2896.0866649728537,53.29514580591227,96.65185024038595
2900.503522496804,53.56340322397267,96.99041933568758
2904.937560332532,53.84398574274757,97.34966696767609
2909.38980021548,54.136761322953326,97.72921954487038
2913.8612452220536,54.441598195007955,98.12870559005049
2918.3528798758375,54.75836488846527,98.54775574028884
2922.8656702538183,55.086930259155096,98.98600274698319
2927.400564092598,55.427163514098766,99.44308147589382
2931.9584908946163,55.77893423426496,99.91862890718113
2936.5403620343673,56.14211239523323,100.41228413544698
2941.1470708646166,56.516568385829,100.92368836977694
2945.7794928226235,56.90217302479474,101.45248493378462
2950.438485536355,57.29879757556004,101.99831926565766
2955.124888930708,57.706313759172694,102.56083891820475
2959.839525333725,58.12459376545268,103.13969355890438
2964.5831995828134,58.55351026242805,103.7345349699535
2969.3566991309644,58.99293640411406,104.34501704831841
2974.160794152972,59.442745836692396,104.970795805785
2978.996237651648,59.90281270314956,105.61152936901094
2983.863765564045,60.373011646430086,106.26687797957658
2988.7640968676724,60.853217811161436,106.93650399403728
2993.697933686714,61.343306844005525,107.62007188397575
2998.665961398248,61.8431548926905,108.31724823605359
3003.6688487384654,62.352638603776924,109.02770175206322
3008.707247908887,62.87163511921056,109.75110324897969
3013.7817946825835,63.40002207171339,110.4871256590114
3018.8931085103923,63.937677579063894,111.23544402965094
3024.041792627138,64.48448023731655,111.99573552372489
3029.228434157848,65.04030911300984,112.76767941944354
3034.4536042239733,65.60504373441066,113.55095711044844
3039.7178580496056,66.17856408184345,114.34525210586031
3045.0217350676967,66.76075057715062,115.15025003032582
3050.3657590262756,67.35148407232919,115.96563862406215
3055.750438094668,67.95064583739051,116.79110774290167
3061.176264969715,68.55811754748622,117.62634935833502
3066.64371698199,69.17378126934416,118.47105755755256
3072.153256202018,69.79751944705686,119.324928543484
3077.705329546495,70.42921488726583,120.18766063483807
3083.3003688845033,71.06875074378098,121.05895426613922
3088.9387911437348,71.71601050167716,121.93851198776363
3094.620998416704,72.37087796090667,122.8260384659732
3100.347378066971,73.03323721946677,123.72124048294774
3106.1183028353566,73.70297265616114,124.6238269368163
3111.9341309461624,74.37996891299123,125.53350884168562
3117.79520621339,75.06411087721595,126.44999932766773
3123.7018581469556,75.75528366311394,127.37301364090516
3129.654402058914,76.45337259348527,128.30226914359483
3135.6531391696717,77.15826318092562,129.23748531400972
3141.6983567142092,77.86984110890776,130.1783837465187
3147.790328048297,78.58799221270284,131.1246881516047
3153.929312754716,79.31260246017419,132.07612435588103
3160.1155567494734,80.04355793247433,133.03242030210473
3166.349292388023,80.78074480467843,133.9933060491901
3172.6307385714836,81.52404932638133,134.95851377221828
3178.960100852856,82.27335780229018,135.9277777624458
3185.337571543244,83.02855657284063,136.90083442731134
3191.7633298180676,83.78953199486473,137.8774222904404
3198.2375418232905,84.55617042233811,138.85728199164754
3204.7603607816272,85.32835818723349,139.84015628693757
3211.331927098771,86.1059815805069,140.82579004850442
3217.952368469607,86.8889268332416,141.8139302647283
3224.621799984433,87.67708009797472,142.8043260401704
3231.3403242351746,88.47032743023168,143.79672859556683
3238.1080314216088,89.26855477029069,144.79089126781957
3244.9249994575785,90.0716479252019,145.78656950998706
3251.7912940772117,90.87949255108117,146.78352089127074
3258.706968941141,91.69197413570392,147.78150509700322
3265.67206574272,92.50897798141538,148.78028392863098
3272.6866143142443,93.33038918838237,149.7796213036983
3279.750632733166,94.15609263820315,150.77928325582772
3286.8641274283195,94.98597297789732,151.77903793470134
3294.0270932861295,95.81991460429042,152.77865560603593
3301.239513756839,96.65780164881768,153.7779086515627
3308.5013609607213,97.49951796275691,154.7765715689998
3315.812595794301,98.34494710291456,155.7744209720277
3323.1731680365738,99.19397231777543,156.7712355902602
3330.5830164552226,100.04647653413627,157.76679626921606
3338.042068912835,100.90234234423541,158.76088597028806
3345.550242473125,101.76145199339533,159.75328977071192
3353.1074435071496,102.62368736819059,160.74379486353317
3360.7135677995257,103.48892998515531,161.73219055757286
3368.3685006546534,104.35706098004415,162.71826827739304
3376.0721170029274,105.2279610976574,163.70182156326038
3383.8242815069607,106.10151068224366,164.68264607110888
3391.6248486678037,106.9775896684912,165.66053957250213
3399.4736629311556,107.85607757311875,166.6353019545952
3407.370558793591,108.73685348707498,167.60673522009304
3415.315360908774,109.61979606835982,168.57464348721234
3423.3078841936776,110.5047835354729,169.53883298963913
3431.3479339348023,111.39169366150058,170.49911207648682
3439.435305894393,112.28040376885032,171.45529121225573
3447.56978641666,113.17079072463758,172.40718297678853
3455.751152533994,114.06273093673565,173.35460206522828
3463.97917207319,114.95610035049354,174.29736528797437
3472.253603761658,115.85077444612891,175.23529157063894
3480.5741973336494,116.74662823680264,176.16820195400317
3488.9406936364676,117.6435362673792,177.09591959397326
3497.3528247366953,118.54137261387868,178.01826976153504
3505.8103140264047,119.44001088362641,178.93507984271173
3514.312876329379,120.3393242161012,179.84617933851828
3522.860218007333,121.2391852844891,180.75139986491766
3531.4520370661276,122.13946629794438,181.6505751527777
3540.0880232619934,123.04003900456065,182.54354104782655
3548.767858207742,123.94077469505515,183.4301355106104
3557.4912154789913,124.84154420716752,184.31019861644958
3566.2577607203775,125.74221793077595,185.18357255539766
3575.0671517517812,126.64266581373019,186.05010163219845
3583.919038674538,127.54275736840306,186.9096322662449
3592.8130639776614,128.4423616789622,187.7620129915397
3601.748862644063,129.34134740935917,188.6070944566543
3610.7260622567646,130.2395828120382,189.44472942469065
3619.74428310512,131.13693573736285,190.27477277324357
3628.803138291035,132.03327364375863,191.0970814943628
3637.9022338351856,132.92846360857186,191.91151469451762
3647.041168783233,133.82237233964156,192.7179335945621
3656.2195353120455,134.71486618758257,193.51620152970125
3665.436918835914,135.60581115877733,194.30618394945873
3674.692898112775,136.49507292907379,195.08774841764597
3683.987045350421,137.38251685818474,195.86076461233174
3693.3189263127283,138.26800800478756,196.6251043258146
3702.6881004258694,139.15141114231793,197.3806414645961
3712.094120884535,140.03259077545468,198.12725204935566
3721.536534758147,140.9114111572908,198.86481421492752
3731.0148830970807,141.78773630718558,199.59320821027896
3740.5287010388874,142.6614300292919,200.31231639848846
3750.077517914503,143.53235593175745,201.0220232567322
3759.6608573544727,144.40037744658528,201.7222153762627
3769.2782373951713,145.2653578501593,202.41278146239952
3778.929170585017,146.12716028441554,203.09361233451298
3788.613164090689,146.98564777866574,203.76460092601874
3798.3297198033524,147.84068327205298,204.42564228436575
3808.078334444869,148.69212963664398,205.07663357103374
3817.8584996740237,149.5398497011438,205.71747406153057
3827.669702192734,150.3837062752231,206.34806514538766
3837.5114238522738,151.2235621744607,206.9683103261669
3847.383141759495,152.0592802458791,207.57811522146045
3857.2843283830357,152.8907233940757,208.17738756290044
3867.2144516595486,153.7177546079346,208.7660371961663
3877.1729750999175,154.54023698791488,209.34397608100016
3887.159357895467,155.35803377389678,209.91111829121596
3897.1730550241937,156.1710083735923,210.46738001472298
3907.213517356976,156.979024391493,211.0126795535428
3917.2801917637967,157.7819456583574,211.54693732383333
3927.3725212199565,158.57963626122276,212.0700758559157
3937.4899449123,159.3719605739315,212.58201979430214
3947.631898345426,160.15878328816345,213.0826958977301
3957.7978134479145,160.93996944496064,213.57203303919627
3967.987118678535,161.7153844667352,214.0499622059949
3978.1992391324693,162.48489418975134,214.5164164997614
3988.4335966475405,163.24836489706445,214.9713311365141
3998.689609910409,164.00566335191346,215.4146434467061
4008.9666945628173,164.75665683154776,215.84629287527346
4019.264263307779,165.50121316148204,216.26622098169233
4029.5817260158283,166.23920075016568,216.6743714400366
4039.918489831208,166.9704886240513,217.07069003903874
4050.27395927812,167.69494646305844,217.45512468215688
4060.6475363669124,168.41244463640814,217.82762538764064
4071.03862070032,169.12285423883026,218.18814428860716
4081.4466095796693,169.82604712711571,218.53663563311258
4091.870898111108,170.5218959570172,218.87305578423707
4102.310879311816,171.21027422046717,219.1973632201619
4112.765944216223,171.89105628311825,219.5095185342604
4123.235481982235,172.56411742218054,219.80948443518662
4133.71887999744,173.22933386454733,220.09722574696985
4144.215523985342,173.8865828251991,220.37270940911574
4154.724798111565,174.53574254586022,220.63590447670148
4165.246085090081,175.17669233391402,220.8867821204876
4175.7787662894225,175.8093126015458,221.12531562702523
4186.3222218389055,176.4334849051076,221.35148039876876
4196.875830734843,177.04909198469147,221.5652539541937
4207.438970946769,177.65601780389622,221.76661592791854
4218.011019523654,178.2541475897727,221.95554807082925
4228.591352700123,178.84336787293498,222.13203425020748
4239.179346002673,179.4235665278246,222.29606044986454
4249.774374355893,179.99463281311316,222.44761477027905
4260.375812188685,180.55645741222594,222.58668742873502
4270.983033540477,181.1089324739802,222.7132707594701
4281.595412167444,181.651951653316,222.82735921382272
4292.212321648726,182.18541015210977,222.92894936038462
4302.833135492652,182.70920476005764,223.01803988515886
4313.457227242945,183.22323389560944,223.0946315917197
4324.083970584956,183.72739764694714,223.15872740137954
4334.712739451872,184.22159781298183,223.2103323533536
4345.342908130937,184.70573794437144,223.24945360493857
4355.973851369671,185.17972338452836,223.27610043168576
4366.604944482089,185.64346131061444,223.29028422758353
4377.2355634549185,186.09686077450306,223.29201850524097
4387.86508505382,186.53983274370012,223.28131889607897
4398.492886929598,186.97229014220255,223.25820315052175
4409.1183477244285,187.39414789128753,223.22269113819524
4419.74084717808,187.80532295021362,223.17480484812725
4430.359766234114,188.20573435682,223.11456838895148
4440.974487146123,188.5953032680177,223.04200798912035
4451.584393583937,188.97395300014418,222.9571519971127
4462.18887073985,189.34160906918476,222.8600308816548
4472.787305434831,189.698199230834,222.7506772319402
4483.379086224748,190.04365352038846,222.62912575785217
4493.963603506584,190.3779042924621,222.49541329019695
4504.540249624653,190.70088626049795,222.34957878093084
4515.1084189768235,191.01253653608015,222.1916633034013
4525.667508120735,191.31279466801686,222.02171005258418
4536.216915880012,191.6016026811916,221.83976434532897
4546.756043450492,191.87890511516673,221.64587362060726
4557.284294506429,192.14464906252132,221.44008743976102
4567.801075306734,192.39878420692352,221.22245748676193
4578.305794801174,192.64126286090857,220.99303756846768
4588.797864736589,192.8720400033634,220.75188361488705
4599.27669976313,193.09107331669478,220.4990536794419
4609.741717540464,193.29832322368088,220.23460793924187
4620.1923388439845,193.4937529239806,219.9586086953557
4630.627987671049,193.67732843029674,219.67112037308542
4641.048091347191,193.84901860418643,219.37220952225326
4651.452080632328,194.00879519148836,219.0619448174789
4661.83938982698,194.156632857379,218.74039705847161
4672.209456878511,194.29250922102818,218.40763917031774
4682.561723487326,194.41640488985303,218.06374620377724
4692.895635213088,194.52830349335338,217.70879533557928
4703.210641580958,194.6281917165242,217.34286586872466
4713.506196187776,194.7160593328247,216.96603923278644
4723.7817568083265,194.79189923670893,216.57839898422154
4734.036785501516,194.85570747568875,216.18003080667668
4744.270748716619,194.90748328193763,215.77102251130515
4754.4831173994735,194.94722910340795,215.35146403707842
4764.673367098721,194.97495063447283,214.92144745111122
4774.840978072014,194.99065684606012,214.4810669489789
4784.985435392235,194.9943600152897,214.03041885504607
4795.1062290537075,194.98607575458874,213.5696016227905
4805.202854078435,194.96582304029238,213.09871583513697
4815.274810622296,194.93362424070745,212.6178642047899
4825.321604081285,194.88950514364,212.12715157457
4835.342745197708,194.8334949833717,211.62668491775082
4845.3377501664145,194.76562646708655,211.11657333840202
4855.3061407410205,194.6859358007317,210.5969280717314
4865.2474443401115,194.59446271431165,210.06786248443262
4875.161194153472,194.49125048660778,209.5294920750357
4885.046929248305,194.3763459693064,208.98193447425012
4894.904194675437,194.24979961055558,208.42530944532953
4904.732541575557,194.11166547790714,207.8597388844154
4914.531527285424,193.9620012806796,207.28534682090643
4924.300715444073,193.80086839169178,206.70225941780413
4934.039676099053,193.62833186841382,206.11060497208922
4943.747985812645,193.4444604734803,205.51051391507548
4953.425227768062,193.24932669459477,204.90211881277855
4963.070991875679,193.04300676380882,204.28555436628176
4972.684874879269,192.8255806761784,203.66095741210916
4982.2664804621745,192.59713220778207,203.02846692259354
4991.815419353588,192.35774893311142,202.38822400624784
5001.331309434714,192.1075222418243,201.74037190814167
5010.813775845019,191.84654735486095,201.08505601027625
5020.262451088436,191.57492333991934,200.4224238319627
5029.676975139604,191.29275312628698,199.75262503019732
5039.0569955500505,191.00014351903488,199.0758114000464
5048.402167554448,190.69720521256275,198.3921368750235
5057.712154176808,190.38405280350247,197.70175752747295
5066.986626336704,190.06080480297882,197.00483156895416
5076.225262955496,189.72758364822585,196.30151935062693
5085.427751062541,189.38451571355623,195.59198336363335
5094.5937859014275,189.03173132069927,194.8763882394906
5103.723071036165,188.66936474848472,194.15490075047202
5112.815318457429,188.29755424190319,193.42768981000125
5121.8702486887705,187.91644202051765,192.69492647303593
5130.887590892837,187.5261742862528,191.95678393646142
5139.867082977573,187.1269012305504,191.21343753948202
5148.80847170247,186.71877704089454,190.46506476400614
5157.711512784759,186.3019599067263,189.7118452350456
5166.575971005637,185.87661202473083,188.95396072110262
5175.401620316496,185.44289960351742,188.19159513456282
5184.188243945115,185.00099286769395,187.42493453209002
5192.935634501915,184.55106606133833,186.65416711501635
5201.643594086136,184.09329745087985,185.87948322973938
5210.311934392103,183.62786932738862,185.10107536811068
5218.940476815389,183.15496800829226,184.3191381678349
5227.529052559086,182.67478383851343,183.53386841285766
5236.077502739996,182.18751119105198,182.74546503376317
5244.585678494834,181.6933484670087,181.95412910816745
5253.053441086498,181.19249809506107,181.16006386110553
5261.4806620102245,180.68516653041672,180.3634746654349
5269.867223099867,180.1715642532316,179.56456904222296
5278.213016634052,179.65190576651298,178.76355666113662
5286.517945442463,179.12640959353308,177.96064934083955
5294.781923012017,178.59529827474242,177.15606104938155
5303.004873593069,178.05879836421255,176.35000790459299
5311.1867323056795,177.51714042560855,175.54270817447045
5319.327445245808,176.9705590277218,174.73438227757418
5327.426969591523,176.41929273955216,173.92525278340995
5335.485273709217,175.86358412498623,173.11554441282672
5343.502337259857,175.30367973705495,172.3054840383982
5351.478151305168,174.73983011181485,171.49530068481798
5359.412718413872,174.17228976184282,170.6852255292795
5367.30605276789,173.60131716938528,169.8754919018668
5375.158180268578,173.02717477916636,169.06633528593935
5382.969138642948,172.45012899087467,168.25799331851647
5390.738977549852,171.8704501513508,167.4507057906624
5398.4677586862435,171.28841254649393,166.64471464786905
5406.155555893367,170.70429439290683,165.84026399043944
5413.802455262985,170.11837782929442,165.0376000738632
5421.40855524361,169.53094890765792,164.2369713092047
5428.973966746702,168.94229758427846,163.43862826347873
5436.498813252885,168.35271771053092,162.64282366002814
5443.983230918197,167.7625070235511,161.84981237890403
5451.42736868027,167.17196713676674,161.05985145723784
5458.831388364582,166.58140353033596,160.27320008961996
5466.195464790631,165.99112554150207,159.49011962847263
5473.519785878218,165.40144635490378,158.71087358442543
5480.804552753596,164.81268299285082,157.93572762668336
5488.049979855743,164.22515630561077,157.16494958339857
5495.2562950425545,163.63919096172972,156.39880944204603
5502.423739697055,163.05511543839836,155.63757934978423
5509.552568833631,162.47326201192325,154.8815336138294
5516.643051204264,161.89396674830724,154.13094870181996
5523.695469404711,161.3175694939803,153.38610324218143
5530.71011998074,160.74441386671276,152.64727802449005
5537.687313534367,160.17484724675077,151.91475599984406
5544.627374830048,159.60922076818116,151.18882228121848
5551.530642900911,159.04788931058886,150.46976414383042
5558.397471154978,158.49121149102237,149.75787102549697
5565.228227481364,157.93954965632116,149.05343452700524
5572.0232943565225,157.39326987580264,148.35674841245518
5578.7830689504135,156.85274193440483,147.66810860963585
5585.507963232811,156.3183393262612,146.98781321037114
5592.198404079436,155.79043924878297,146.316162470879
5598.854833378211,155.26942259728648,145.65345881213418
5605.477708135475,154.7556739601782,145.00000682021474
5612.067500582214,154.2495816147743,144.35611324666354
5618.624698280246,153.75153752377062,143.7220870088436
5625.149804228486,153.26193733241035,143.0982391902888
5631.643336969106,152.78118036639546,142.4848830410576
5638.105830693816,152.3096696305945,141.88233397809245
5644.537835350033,151.84781180856768,141.290909585569
5650.939916747144,151.39601726297437,140.7109296152486
5657.31265666266,150.9547000369034,140.14271598683362
5663.65665294851,150.52427785617857,139.58659278832465
5669.972519637202,150.10517213266388,139.04288627636544
5676.260887048073,149.6978079686553,138.5119248766044
5682.522401893493,149.30261416238008,137.99403918405122
5688.757727385091,148.9200232146473,137.48956196341945
5694.967543339957,148.55047133674074,136.99882814949473
5701.152546286903,148.19439845956308,136.5221748474855
5707.313449572612,147.85224824410687,136.05994133338262
5713.450983467927,147.52446809329743,135.61246905431287
5719.565895274034,147.21150916527495,135.18010162890516
5725.658949428656,146.9138263881458,134.7631848476421
5731.730927612352,146.63187847630084,134.36206667323412
5737.782628854631,146.36612794830123,133.97709724096973
5743.814869640253,146.1170411464531,133.6086288590923
5749.828484015425,145.88508825807259,133.25701600915713
5755.824323693983,145.67074333854916,132.9226153464104
5761.803258163645,145.47448433623384,132.6057857001574
5767.766174792267,145.29679311922462,132.30688807413097
5773.7139789339435,145.13815550412372,132.0262856468744
5779.647594035372,144.99906128682287,131.7643437721237
5785.567961741961,144.88000427535874,131.52142997917917
5791.476042004082,144.78148232495226,131.29791397330223
5797.372813183336,144.7039973752523,131.0941676360985
5803.259272158672,144.64805548987596,130.9105650259132
5809.136434432707,144.61416689831128,130.74748237822905
5815.005334237876,144.6028460402357,130.60529810606013
5820.867024642672,144.61461161235232,130.4843928003655
5826.722577657909,144.6499866177894,130.38514923045986
5832.573084342845,144.70949841812626,130.30795234441743
5838.419654911464,144.7936787881642,130.25318926950314
5844.2634188387165,144.90306397347229,130.22124931259566
5850.1055249666715,145.03819475079595,130.21252396061465
5855.947141610799,145.19961649141504,130.22740688095732
5861.789456666105,145.38787922752715,130.26629392194866
5867.6336777134675,145.60353772172087,130.3295831132858
5873.481032125754,145.8471515396308,130.41767466649696
5879.332767174092,146.11928512584745,130.53097097540055
5885.190150134054,146.42050788318326,130.6698766165872
5891.054468391903,146.75139425533513,130.83479834988455
5896.927029550792,147.11252381308816,131.0261451188613
5902.809161537025,147.50448134407262,131.244328051304
5908.702212706208,147.92785694624322,131.4897604597447
5914.607551949532,148.3832461250792,131.76285784195576
5920.526568799933,148.87124989466076,132.0640378814776
5926.460673538322,149.3924748826929,132.39372044816002
5932.41129729989,149.94753343955574,132.75232759870684
5938.379892180177,150.53704375145279,133.14028357721384
5944.367931341445,151.16162995783037,133.55801481575998
5950.376909118751,151.82192227304287,134.0059499349605
5956.408341126285,152.51855711247745,134.484519744575
5962.463764363523,153.25217722314642,134.99415724410318
5968.544737321439,154.02343181887912,135.53529762339468
5974.652840088793,154.83297672022803,136.10837826328745
5980.789674458263,155.68147449914667,136.7138387362434
5986.956864032725,156.56959462857583,137.3521208070072
5993.156054331443,157.49801363702016,138.0236684332768
5999.388912896293,158.46741526822652,138.7289277663908
6005.65712939796,159.47849064606444,139.46834715203178
6011.962415742215,160.53193844471411,140.24237713094374
6018.306506176108,161.62846506426897,141.05147043966878
6024.691157394103,162.76878481185184,141.89608201129565
6031.118148644444,163.95362008837938,142.7766689762365
6037.5892818352295,165.1837015810531,143.69369066301743
6044.106381640777,166.4597684617004,144.64760859908029
6050.671295607739,167.78256859107535,145.6388865116067
6057.2858942612875,169.1528587292633,146.66799032838475
6063.9520712114645,170.57140475223872,147.73538817865852
6070.67174325927,172.03898187474823,148.8415503940212
6077.446850503013,173.55637487964117,149.9869495093436
6084.279356444393,175.12437835369056,151.17206026368575
6091.171248094761,176.7437969301237,152.3973596012687
6098.12453608141,178.41544553792207,153.66332667245598
6105.141254753733,180.14014965801817,154.97044283475554
6112.223462289434,181.91874558652836,156.31919165385074
6119.37324080074,183.75208070515188,157.71005890466756
6126.592696440684,185.64101375882396,159.14353257244338
6133.8839595092595,187.58641514081188,160.62010285385645
6141.249184559661,189.58916718531313,162.14026215815105
6148.690550504491,191.65016446774078,163.70450510830995
6156.21026072198,193.77031411281158,165.31332854225914
6163.810543162252,195.9505361105496,166.96723151408867
6171.4936504534835,198.19176364036855,168.66671529531828
6179.261860008131,200.49494340333476,170.41228337617594
6187.117474129149,202.86103596280856,172.2044414669442
6195.06282011626,205.29101609351878,174.04369749930137
6203.100250372119,207.78587313926738,175.93056162771288
6211.2321425085265,210.34661137940503,177.86554623086866
6219.46089945269,212.974250404183,179.8491659131351
6227.788949553389,215.66982549917464,181.88193750607036
6236.218746687264,218.43438803885363,183.96438006994677
6244.752770364954,221.2690058895255,186.0970148953319
6253.393525837397,224.17476382175798,188.2803655047186
6262.143544201936,227.152763932385,190.5149576541511
6271.005382508716,230.20412607638605,192.80131933496213
6279.981623866683,233.32998830860578,195.13998077548362
6289.074877549985,236.53150733562586,197.53147444284122
6298.287779104106,239.80985897785993,199.9763350447834
6307.622990452062,243.16623864205397,202.47509953155645
6317.083200000685,246.60186180434445,205.0283070978213
6326.671122746822,250.11796450403403,207.63649918461806
6336.389500383506,253.71580384826697,210.30021948139546
6346.241101406282,257.3966585277192,213.02001392805906
6356.228721219237,261.16182934352196,215.7964307171013
6366.355182241457,265.0126397455494,218.63002029575875
6376.623334013037,268.9504363822507,221.5213353682398
6387.03605330143,272.97658966220143,224.47093089799964
6397.596244207618,277.09249432751915,227.47936411006262
6408.306838272327,281.29957003935334,230.54719449341408
6419.170794582258,285.5992619755947,233.67498380344188
6430.191099876274,289.9930414409848,236.8632960644346
6441.370768651714,294.4824064898262,240.11269757214964
6452.712843270458,299.0688825614316,243.42375689643504
6464.22039406526,303.7540231285083,246.79704488389757
6475.896519445987,308.5394103587087,250.23313466067384
6487.7443460056875,313.4266557894382,253.73260163523133
6499.767028627013,318.4174010161879,257.29602350124856
6511.967750588239,323.51331839451893,260.92398024055495
6524.349723669653,328.7161117559579,264.6170541261593
6536.916188259638,334.0275171379014,268.37582972531925
6549.670413461019,339.44930352781813,272.2008939027089
6562.615697197114,344.98327362186166,276.09283582364156
6575.755366318139,350.63126459814305,280.05224695736734
6589.092776707279,356.39514890485117,284.07972108046533
6602.631313386988,362.2768350633898,288.17585428028553
6616.374390625206,368.27826848677813,292.34124495849045
6630.325452041525,374.40143231347474,296.57649383466196
6644.487970713435,380.64834825687086,300.88220395000235
6658.86544928257,387.02107747062206,305.2589806711043
6673.461420060878,393.5217214300665,309.707431693825
6688.279445136908,400.1524228298935,314.2281670472211
6703.323116481926,406.915366498306,318.8217990975841
6718.596056056211,413.8127803279174,323.48894255258
6734.101915915247,420.8469362235208,328.2302144654487
6749.844378316002,428.02015106703305,333.04623423931974
6765.82715582301,435.3347876997605,337.9376236316032
