Imperial	5	Max Pwr: 300.1 hp(I) @ 5904 RPM / Max TQ: 275.1 lbf-ft @ 5516 RPM	1.57	0.77	2.92	116.8648631784436
2238.9760766904706,45.88056487759732,107.62505207049352
2243.974007647238,46.217728485562276,108.1744875033395
2248.998884177955,46.55209321434638,108.71364203322103
2254.0501954059855,46.8836983632745,109.24268141122427
2259.1274387215703,47.21258312225472,109.76177044719196
2264.2301197346246,47.538786588238516,110.27107300971173
2269.357752227529,47.86234778103782,110.77075202610573
2274.509858107927,48.1833056585131,111.26096948242176
2279.685967361517,48.50169913114625,111.74188642342624
2284.8856180048483,48.81756707601172,112.21366295259874
2290.1083560381135,49.130948350159144,112.67645823212767
2295.3537353979464,49.441881803420934,113.13043048290778
2300.6213179102124,49.7504062906574,113.5757369845387
2305.9106732428054,50.05656068345254,114.01253407532475
2311.221378858442,50.36038388127301,114.44097715227619
2316.553019967455,50.66191482210272,114.86122067111167
2321.9051894805884,50.96119249256525,115.27341814626125
2327.277487961791,51.258255937546444,115.67772215087143
2332.669523581013,51.55314426932866,116.07428431680997
2338.080912066997,51.84589667624903,116.46325533467297
2343.511276660076,52.136552430892735,116.84478495379183
2348.960248064965,52.425150897832935,117.21902198224144
2354.4274644035568,52.711731540928824,117.58611428684935
2359.9125711677157,52.99633393019247,117.94620879320544
2365.4152211720734,53.27899774823563,118.29945148567242
2370.935074506821,53.559762796307055,118.6459874073968
2376.4717984905055,53.83866899993129,118.98596066032106
2382.0250676228225,54.11575641415861,119.31951440519548
2387.594563537413,54.391065228437306,119.64679086159143
2393.179974954655,54.66463577111751,119.96793130791463
2398.780997634459,54.93650851359704,120.28307608141897
2404.397334329064,55.20672407411885,120.59236457822088
2410.0286947358295,55.475323221229644,120.89593525331392
2415.6747954500306,55.74234687690916,121.19392562058394
2421.335359917654,56.00783611937942,121.4864722528242
2427.0101183881898,56.27183218560301,121.77371078175133
2432.6988078674276,56.53437647347945,122.05577589802095
2438.401172070251,56.79551054374841,122.3328013512439
2444.116961373431,57.05527612160841,122.60491995000247
2449.8459327684204,57.31371509805974,122.87226356186692
2455.5878498141506,57.57086953097969,123.13496311341213
2461.342482589822,57.82678164593833,123.39314859023405
2467.1096076477015,58.0814938367633,123.64694903696686
2472.8890079659163,58.3350486658609,123.89649255729938
2478.680472901247,58.587488864301825,124.1419063139922
2484.4837981419237,58.83885733167888,124.38331652889434
2490.298785660419,59.0891971357442,124.62084848296021
2496.1252436662435,59.33855151183337,124.85462651626628
2501.9629865587394,59.58696386208371,125.08477402802787
2507.811834879876,59.83447775445348,125.3114134766156
2513.6716152670424,60.08113692154938,125.53466637957204
2519.542160405843,60.32698525926876,125.75465331362797
2525.423308982892,60.57206682526342,125.97149391471858
2531.314905638608,60.816425837231314,126.18530687799964
2537.216800920007,61.0601066710427,126.39620995786316
2543.1288512334977,61.30315385870679,126.60431996795315
2549.0509187976772,61.545612086185265,126.80975278118086
2554.982871596124,61.78752619105847,127.01262332974035
2560.92458333019,62.02894116004986,127.21304560512287
2566.8759333718017,62.269902126415175,127.41113265813193
2572.8368067162464,62.51045436720093,127.60699659889744
2578.8070939349727,62.75064330037857,127.80074859688989
2584.7866911283827,62.99051448185903,127.99249888093408
2590.775499878626,63.23011360239306,128.1823567392224
2596.773427202394,63.46948648436264,128.37043051932818
2602.7803855037164,63.70867907846805,128.55682762821831
2608.7962925267525,63.94773746031562,128.74165453226564
2614.821071308588,64.18670782691089,128.92501675726095
2620.854650132029,64.42563649306169,129.10701888842462
2626.8969624783945,64.66456988769575,129.28776457041803
2632.9479469803136,64.90355455009689,129.4673565073542
2639.0075473745187,65.14263712606441,129.64589646280857
2645.075712454639,65.38186436399933,129.82348525982843
2651.1523960239956,65.62128311092215,130.00022278094335
2657.2375568483967,65.86094030842524,130.1762079681738
2663.331158608931,66.10088298856415,130.35153882304004
2669.433169854762,66.34115826969139,130.52631240657067
2675.5435639559237,66.58181335223615,130.70062483931025
2681.662319056113,66.82289551443341,130.8745713013268
2687.789418025486,67.06445210800585,131.0482460322188
2693.9248484134514,67.30653055380171,131.22174233112165
2700.0686024014653,67.54917833739181,131.39515255671384
2706.2206767558246,67.7924430046285,131.5685681272223
2712.381072780463,68.03637215716985,131.74207952042786
2718.5497962697445,68.28101344797143,131.91577627366942
2724.726857461258,68.52641457674866,132.08974698384833
2730.9122709886115,68.7726232854124,132.2640793074321
2737.1060558342256,69.01968735347984,132.4388599604574
2743.308235282131,69.26765459346385,132.614174718533
2749.518836870759,69.51657284624194,132.79010841684155
2755.737892345739,69.7664899764086,132.96674495014173
2761.9654376126905,70.01745386761128,133.14416727276907
2768.2015126900196,70.26951241787387,133.32245739863686
2774.446161661712,70.52271353490795,133.50169640123622
2780.6994326301274,70.77710513141511,133.6819644136361
2786.961377668795,71.0327351203807,133.86334062848212
2793.2320527752076,71.28965141036173,134.04590329799538
2799.5115178236147,71.54790190076983,134.22972973397071
2805.7998365178173,71.8075344771512,134.41489630777454
2812.0970763439655,72.06859700646432,134.6014784503417
2818.403308523347,72.33113733235734,134.78955065217244
2824.718607965187,72.595203270446,134.97918646332852
2831.0430532194396,72.86084260359323,135.17045849342895
2837.3767264295825,73.12810307719145,135.36343841164503
2843.719713285413,73.3970323944488,135.5581969466952
2850.07210297584,73.6676782116797,135.75480388683914
2856.433988141681,73.94008813360091,135.95332807987154
2862.8054648284533,74.21430970863372,136.15383743311523
2869.186632439172,74.49039042421265,136.35639891341387
2875.5775936871423,74.7683777021016,136.5610785471241
2881.9784545487537,75.04831889371773,136.76794142010732
2888.3893242162753,75.33026127546343,136.97705167772082
2894.8103150506495,75.61425204406683,137.18847252480865
2901.241542534288,75.90033831193097,137.40226622569145
2907.6831252238635,76.18856710249197,137.6184941041565
2914.1351847031065,76.47898534558644,137.83721654344708
2920.597845535598,76.77163987282728,138.05849298625046
2927.071235217565,77.06657741298962,138.28238193468704
2933.5554841306757,77.36384458740487,138.5089409502977
2940.0507254948316,77.66348790536382,138.7382266540308
2946.5570953209626,77.9655537595286,138.9702947262294
2953.0747323638234,78.2700884213526,139.20519990661722
2959.603778074785,78.57713803650869,139.44299599428484
2966.144376554632,78.8867486203246,139.68373584767443
2972.6966745063537,79.19896605322582,139.92747138456517
2979.2608211879415,79.51383607618465,140.17425358205716
2985.8369683651817,79.8314042861754,140.4241324765554
2992.4252702644512,80.15171613163506,140.6771571637534
2999.0258835255095,80.47481690792813,140.9333757986159
3005.6389671542956,80.80075175281571,141.19283559536126
3012.2646824757207,81.1295656419272,141.4555828274432
3018.9031930864644,81.46130338423475,141.7216628275329
3025.554664807767,81.79600961752811,141.99111998749922
3032.219265638226,82.13372880389053,142.26399775838976
3038.8971657065877,82.47450522517329,142.5403386504107
3045.5885372245452,82.81838297846856,142.82018423290597
3052.29355443953,83.16540597157956,143.1035751343371
3059.012393587507,83.51561791848604,143.39055104226114
3065.74523284577,83.86906233480464,143.68115070330873
3072.4922522857346,84.22578253324293,143.97541192316237
3079.253633825734,84.58582161904475,144.27337156653272
3086.029561183813,84.94922248542709,144.5750655571359
3092.8202198305203,85.31602780900559,144.8805288776693
3099.625796941707,85.68628004520836,145.18979556978735
3106.4464813513177,86.06002142367603,145.5028987340768
3113.282463504186,86.43729394364657,145.81987053003127
3120.1339354088286,86.81813936932362,146.14074217602547
3127.00109059024,87.20259922522665,146.46554394928913
3133.884124042688,87.59071479152091,146.79430518587995
3140.7832321825053,87.98252709932615,147.12705428065658
3147.6986128008866,88.37807692600187,147.46381868725047
3154.6304650166817,88.77740479040791,147.8046249180382
3161.5789892291896,89.18055094813806,148.14949854411216
3168.544387070955,89.58755538672516,148.4984641952514
3175.526861360559,89.99845782081617,148.851545559892
3182.526616055417,90.4132976873149,149.20876538509683
3189.5438562045724,90.83211414049056,149.57014547652432
3196.578787901489,91.25494604705055,149.93570669839738
3203.631618236847,91.68183198117556,150.30546897347173
3210.702555251338,92.11281021951451,150.6794512830032
3217.7918078884577,92.54791873613789,151.05767166671487
3224.899585947302,92.98719519744745,151.4401472227637
3232.02610003536,93.43067695703985,151.82689410770644
3239.171561521309,93.8784010505227,152.21792753646503
3246.336182487809,94.33040419028085,152.6132617822918
3253.520175684297,94.78672276019024,153.01291017673339
3260.7237544797817,95.24739281027833,153.41688510959477
3267.947132815637,95.71245005132803,153.82519802890252
3275.190525158397,96.18192984942347,154.23785944086706
3282.454146452552,96.65586722043551,154.65487890984528
3289.738212073338,97.13429682444455,155.07626505830157
3297.0429377795376,97.61725296009882,155.50202556676885
3304.3685396662704,98.10476955890583,155.93216717380884
3311.7152341177866,98.59688017945454,156.36669567597158
3319.0832377602646,99.0936180015669,156.8056159277548
3326.4727674146043,99.59501582037535,157.24893184156193
3333.884040049219,100.10110604032529,157.69664638766028
3341.3172727328338,100.61192066909938,158.14876159413785
3348.772682587277,101.12749131146207,158.6052785468601
3356.250486740275,101.64784916302195,159.06619738942558
3363.7509022782483,102.17302500390954,159.53151732312134
3371.2741461991045,102.70304919236864,160.0012366068772
3378.820435365033,103.23795165825875,160.47535255721976
3386.3899864552995,103.77776189646649,160.9538615482254
3393.98301591904,104.32250896022377,161.43675901147282
3401.599739928056,104.87222145433061,161.92403943599467
3409.240374329608,105.42692752828023,162.41569636822857
3416.90513459921,105.98665486928422,162.91172241196745
3424.5942357934264,106.55143069519595,163.41210922830882
3432.3078925026607,107.12128174732955,163.91684753560392
3440.046318803956,107.69623428317259,164.4259271094052
3447.809728213787,108.27631406899036,164.93933678241413
3455.5983336408526,108.86154637231922,165.45706444442703
3463.4123473388727,109.45195595434744,165.97909704228135
3471.2519808593825,110.04756706218082,166.50542057979985
3479.117445004525,110.64840342099137,167.03602011773495
3487.008949779848,111.25448822604694,167.5708797737117
3494.926704347097,111.86584413461958,168.10998272217034
3502.8709169770077,112.4824932577705,168.65331119430763
3510.8417950021053,113.10445715200969,169.20084647801698
3518.8395447694943,113.73175681082859,169.75256891782902
3526.8643715936555,114.36441265610269,170.30845791484938
3534.916479709239,115.00244452936354,170.8684919266973
3542.9960722238593,115.64587168293694,171.4326484674422
3551.10335107089,116.2947127709461,172.00090410753967
3559.2385169622576,116.94898584017761,172.5732344737666
3567.401769341235,117.60870832080839,173.14961424915512
3575.593306335239,118.27389701699184,173.73001717292576
3583.813324708621,118.94456809730092,174.31441604041925
3592.0620198154643,119.62073708502733,174.90278270302798
3600.3395855523763,120.3024188483337,175.4950880681257
3608.646214311284,120.98962759025808,176.0913020989963
3616.982096932229,121.68237683856896,176.6913938147622
3625.3474226561602,122.38067943546824,177.2953312903108
3633.74237907773,123.08454752714151,177.90308165622
3642.167152098089,123.79399255315388,178.51461109868342
3650.6219258776755,124.5090252356889,179.12988485943333
3659.106882789018,125.2296555686303,179.7488672356629
3667.6222033695226,125.95589280648439,180.3715215799479
3676.1680662742715,126.68774545314133,180.99781030016618
3684.7446482288146,127.42522125047479,181.62769485941672
3693.3521239819675,128.16832716677763,182.26113577593676
3701.9906662586013,128.91706938503313,182.89809262301884
3710.6604457124413,129.67145329101982,183.5385240289252
3719.361630878858,130.43148346124912,184.18238767680202
3728.0943881276635,131.19716365073435,184.8296403045918
3736.858881615907,131.9684967805901,185.48023770494464
3745.6552732406653,132.7454849254604,186.1341347251279
3754.4837225918413,133.5281293007758,186.79128526693515
3763.344386904955,134.3164302498369,187.45164228659323
3772.2374210139405,135.11038723072454,188.1151577946682
3781.1629773039394,135.90999880303457,188.78178285596914
3790.1212056640957,136.7152626144383,189.45146758945234
3799.1122534403485,137.52617538706542,190.12416116812193
3808.1362653882293,138.3427329037106,190.79981181893066
3817.193383625652,139.1649299938617,191.47836682267808
3826.2837475857136,139.9927605195505,192.15977251390817
3835.4074939694824,140.82621736102368,192.84397428080476
3844.5647566987955,141.66529240223497,193.53091656508613
3853.7556668690545,142.50997651615697,194.22054286189706
3862.980352702016,143.3602595499131,194.91279571970045
3872.2389394985885,144.21613030972875,195.60761674016638
3881.531549591628,145.07757654570221,196.30494657806076
3890.858302298729,145.94458493639337,197.0047249411305
3900.2193138750217,146.81714107323296,197.70689058998929
3909.614697465965,147.6952294447492,198.41138133799973
3919.0445630601425,148.57883342061436,199.1181340511553
3928.5090174420548,149.46793523550969,199.8270846479597
3938.008164144914,150.36251597280943,200.53816809930467
3947.5421034034407,151.2625555480849,201.25131842834648
3957.1109321066565,152.16803269242743,201.96646871038033
3966.7147437506774,153.07892493559143,202.68355107271267
3976.3536283915096,153.99520858895872,203.40249669453272
3986.0276725978447,154.91685872832255,204.12323580678068
3995.7369594038523,155.84384917649507,204.84569769201647
4005.4815682619756,156.77615248573477,205.56981068428328
4015.261574995725,157.7137399199991,206.29550216897252
4025.0770517524725,158.6565814370201,207.02269858268505
4034.9280669562486,159.6046456702046,207.75132541309105
4044.8146852605305,160.55789991036087,208.48130719878782
4054.736967501046,161.5163100872519,209.2125675291557
4064.6949706485575,162.47984075097673,209.94502904421233
4074.6887477616638,163.44845505318128,210.6786134344642
4084.7183479395926,164.4221147280999,211.41324144075696
4094.7838162749936,165.40078007342962,212.14883285412404
4104.885193806733,166.38440993103652,212.88530651563156
4115.022517472689,167.37296166749914,213.6225803162229
4125.195820062549,168.3663911544883,214.36057119656073
4135.405130170593,169.36465274898512,215.0991951468667
4145.650472148505,170.36769927334106,215.83836720675936
4155.931866058154,171.37548199517929,216.5780014650897
4166.2493276243895,172.38795060714116,217.3180110597742
4176.602868187844,173.40505320648128,218.05830817762765
4186.992494657721,174.42673627450895,218.7988040541907
4197.418209464589,175.4529446558839,219.53940897355838
4207.88001051318,176.4836215377643,220.28003226820394
4218.377891135182,177.51870842881254,221.02058231880213
4228.911840042029,178.5581451380602,221.76096655405
4239.481841277705,179.60186975363465,222.50109145048458
4250.087874171528,180.64981862135082,223.2408625322989
4260.729913290952,181.70192632317193,223.98018437115633
4271.407928394358,182.75812565554017,224.71896058600177
4282.12188438385,183.81834760758247,225.457093842871
4292.8717412580445,184.88252133919363,226.1944858546976
4303.657454064874,185.9505741590004,226.9310373811173
4314.4789728543765,187.02243150221128,227.66664822827116
4325.336242631482,188.09801690835263,228.4012172486047
4336.2292033088215,189.1772519988992,229.1346423406663
4347.157789659515,190.2600564547988,229.866820448902
4358.121931269961,191.34634799389724,230.5976475634485
4369.121552492637,192.43604234826878,231.32701871992452
4380.156572398893,193.52905324145263,232.0548279992181
4391.226904731746,194.62529236560394,232.78096852727296
4402.332457858669,195.7246693585608,233.5053324748719
4413.473134724396,196.82709178083394,234.227811057418
4424.648832803705,197.93246509252137,234.94829453471286
4435.85944405422,199.04069263015631,235.66667221073354
4447.104854869203,200.1516755834892,236.3828324334054
4458.38494603035,201.26531297221314,237.0966625943747
4469.699592660581,202.38150162263392,237.8080491287765
4481.048664176838,203.50013614429363,238.5168775150022
4492.43202424288,204.62110890655032,239.2230322744626
4503.849530722076,205.74431001512133,239.9263969713503
4515.3010356301975,206.86962728859524,240.62685421239865
4526.786385088217,207.9969462349187,241.32428564663894
4538.305419275099,209.12615002786242,242.01857196515354
4549.857972380596,210.2571194834766,242.7095929008298
4561.443872558042,211.38973303653574,243.39722722810703
4573.062941877151,212.5238667169868,244.08135276272574
4584.7149962768035,213.65939412639943,244.76184636147033
4596.399845517846,214.7961864144326,245.43858392191294
4608.117293135888,215.93411225531742,246.1114403821513
4619.867136394088,217.07303782436887,246.78028972054764
4631.649166235959,218.21282677452913,247.44500495546183
4643.463167238151,219.35334021295384,248.1054581449851
4655.308917563256,220.4944366776447,248.76152038666942
4667.186188912594,221.63597211413898,249.41306181725494
4679.094746479015,222.77779985226167,250.05995161239477
4691.034348899686,223.91977058295055,250.70205798637886
4703.004748208889,225.0617323351585,251.3392481918531
4715.00568979082,226.20353045284455,251.97138851953724
4727.036912332373,227.34500757206166,252.59834429794225
4739.098147775943,228.4860035981455,253.21997989308045
4751.189121272217,229.62635568302005,253.8361587081792
4763.30955113297,230.7658982026228,254.44674318338826
4775.459148783855,231.90446273445968,255.05159479548584
4787.637618717206,233.04187803530172,255.65057405758262
4799.844658444822,234.1779700190292,256.2435405188238
4812.0799584507695,235.31256173463433,256.83035276408776
4824.343202144173,236.4454733443925,257.41086841368406
4836.634065812012,237.57652210220957,257.98494412304706
4848.952218571909,238.70552233215875,258.5524355824301
4861.2973223249355,239.83228540721305,259.1131975165945
4873.669031708394,240.9566197281872,259.6670836844993
4886.06699404862,242.07833070289587,260.2139468789861
4898.4908493137755,243.19722072554282,260.75363892646436
4910.940230066639,244.31308915634727,261.2860106865922
4923.414761417407,245.42573230142258,261.81091205195725
4935.914060976484,246.53494339291498,262.3281919477538
4948.4377388072735,247.6405125694162,262.8376983314597
4960.9853973789795,248.7422268566586,263.3392781925089
4973.556631519399,249.83987014850786,263.8327775519642
4986.151028367713,250.93322318826233,264.31804146218775
4998.768167327282,252.0220635502714,264.79491400650824
5011.407620018445,253.1061656218865,265.26323829888787
5024.068950231309,254.1853005857551,265.7228564835868
5036.751713878542,255.2592364024716,266.1736097348256
5049.455458948176,256.32773779359786,266.615338256447
5062.179725456388,257.3905662250647,267.04788128157475
5074.92404540031,258.4474798909689,267.4710770722712
5087.687942710808,259.498233697779,267.8847629191942
5100.47093320529,260.54257924896257,268.2887751412511
5113.272524540488,261.5802648300479,268.68294908525195
5126.092216165266,262.611035394137,269.06711912556153
5138.929499273401,263.63463254787894,269.44111866374874
5151.783856756385,264.6507945379237,269.80478012823653
5164.654763156221,265.6592562378659,270.15793497394935
5177.541684618207,266.65974913569465,270.50041368195866
5190.444078843746,267.65200132176585,270.8320457591286
5203.361395043126,268.6357374773105,271.15265973776087
5216.293073888324,269.61067886349315,271.4620831752361
5229.238547465793,270.57654331103834,271.76014265365694
5242.197239229266,271.5330452104395,272.04666377948877
5255.168563952537,272.4798955027646,272.32147118319983
5268.151927682271,273.416801671078,272.58438851890077
5281.146727690784,274.34346773249064,272.8352384639828
5294.152352428848,275.2595942308573,273.07384271875486
5307.168181478479,276.16487823014046,273.30002200608317
5320.193585505733,277.059013308449,273.5135960710258
5333.227926213504,277.9416895527784,273.7143836804695
5346.270556294314,278.8125935544639,273.90220262276586
5359.320819383107,279.6714084053657,274.0768697073668
5372.378050010049,280.5178136948041,274.2382007644596
5385.441573553315,281.35148550726217,274.38601064460244
5398.510706191886,282.1720964208738,274.52011321835914
5411.584754858353,282.979315506717,274.6403213759346
5424.663017191693,283.7728083289279,274.74644702681
5437.744781490077,284.55223694565774,274.83830109937816
5450.829326663661,285.3172599108892,274.9156935405787
5463.915922187378,286.0675322771334,274.97843331553486
5477.003828053743,286.80270559902635,275.0263284071907
5490.092294725622,287.52242793784,275.0591858159461
5503.180563089061,288.2263438669389,275.0768115592967
5516.267864406054,288.9140944781897,275.07901067147145
5529.353420267345,289.5853173893526,275.0655872030723
5542.436442545226,290.23964675247214,275.03634422071497
5555.516133346329,290.8767132632875,274.9910838066693
5568.591684964418,291.49614417168664,274.9296070585038
5581.66227983319,292.0975632932208,274.85171408872816
5594.727090479062,292.6805910217057,274.7572040244397
5607.7852794739665,293.244844342927,274.6458750069702
5620.835999388152,293.7899368494754,274.51752419153377
5633.87839274297,294.3154787567314,274.37194774687833
5646.911591963677,294.8210769200249,274.2089408549384
5659.934719332223,295.3063348529865,274.0282977104877
5672.946886940041,295.77085274712215,273.82981152079816
5685.947196640856,296.2142274926258,273.61327450529603
5698.934740003469,296.6360527004609,273.378477895226
5711.908598264554,297.03591872572713,273.1252119333126
5724.86784228145,297.41341269234493,272.85326587342934
5737.811532484957,297.76811851907206,272.5624279802658
5750.738718832137,298.09961694688593,272.25248552900115
5763.648440759092,298.40748556775065,271.9232248049803
5776.539727133782,298.69129885479555,271.57443110339113
5789.411596208796,298.9506281939305,271.2058887289483
5802.263055574154,299.1850419169234,270.81738099557816
5815.09310211012,299.39410533596595,270.4086902261087
5827.900721939957,299.5773807797519,269.9795977519632
5840.684890382769,299.7344276310978,269.52988391285743
5853.444571906251,299.8648023661272,269.05932805650167
5866.178720079517,299.9680585950516,268.56770853830716
5878.886277525871,300.0437471045693,268.0548027210964
5891.566175875621,300.0914159019127,267.520386974818
5904.217335718858,300.11061026057325,266.9642366762699
5916.838666558255,300.10087276772407,266.38612620882043
5929.429066761867,300.0617433733808,265.78582896214317
5941.987423515915,299.992759441316,265.16311733195056
5954.512612777593,299.893455801768,264.5177627197384
5967.003499227852,299.76336480595853,263.84953553252956
5979.458936224198,299.60201638246645,263.1582051826322
5991.877765753488,299.40893809547003,262.44354008739623
6004.258818384723,299.1836552048983,261.7053076689816
6016.600913221839,298.9256907285174,260.9432743541308
6028.902857856509,298.63456550598306,260.1572055739486
6041.163448320931,298.30979826488885,259.34686576368944
6053.381469040625,297.95090568884257,258.5120183625507
6065.555692787228,297.5574024876008,257.65242581347525
6077.684880631285,297.1288014692931,256.76784956295944
6089.767781895047,296.6646136147698,255.85805006087264
6101.803134105267,296.1643481541001,254.92278676028002
6113.7896629459865,295.6275126452576,253.96181811727723
6125.726082211337,295.05361305502646,252.9749015908335
6137.6110937583335,294.44215384215573,251.9617936426422
6149.443387459667,293.79263804279725,250.92224973697952
6161.221641156499,293.1045673582674,249.8560243405772
6172.944520611256,292.3774422451512,248.76287092249746
6184.610679460429,291.610762007803,247.64254195402674
6196.218759167359,290.8040248932543,246.4947889085693
6207.767388975035,289.95672818858793,245.3193622615608
6219.255185858894,289.0683683207936,244.11601149038543
6230.680754479602,288.13844095915084,242.8844850743079
6242.042687135869,287.16644112017195,241.62453049441413
6253.3395637172225,286.1518632751389,240.33589423356452
6264.569951656812,285.0942014602755,239.0183217763601
6275.732405884206,283.99294938958184,237.67155760911606
6286.825468778177,282.8476005703806,236.29534521985414
6297.847670119509,281.65764842159854,234.88942709830084
6308.797527043775,280.42258639483083,233.45354473590325
6319.673543994146,279.141908098222,231.98743862585633
6330.474212674186,277.81510742319847,230.49084826314217
6341.198012000628,276.4416786740939,228.96351214458375
6351.843408056193,275.02111670071235,227.40516776891644
6362.408854042364,273.5529170338488,225.81555163686568
6372.892790232188,272.03657602382975,224.1943992512467
6383.293643923083,270.47159098209704,222.54144511707597
6393.609829389607,268.8574603258809,220.85642274169908
6403.839747836277,267.1936837259988,219.13906463493132
6413.98178735034,265.4797622578237,217.38910230921678
6424.0343228545935,263.7151985554658,215.60626627980548
6433.995716060155,261.899496969194,213.7902860649406
6443.864315419274,260.03216372615873,211.94089018606988
6453.638456078119,258.1127070944406,210.05780616806905
6463.31645982957,256.1406375504764,208.1407605394857
6472.896635066023,254.11546794990198,206.18947883280038
6482.377276732166,252.03671370185106,204.2036855847046
6491.756666277797,249.90389294675913,202.18310433639886
6501.033071610598,247.71652673771277,200.12745763391112
6510.204747048936,245.4741392253837,198.03646702843116
6519.269933274671,243.17625784659694,195.90985307666605
6528.226857285914,240.82241351657774,193.7473353412193
6537.073732349878,238.4121408249143,191.54863239098398
6545.808757955614,235.9449782352885,189.31346180156245
6554.430119766845,233.42046828901647,187.04154015570435
6562.935989574735,230.83815781244522,184.7325830437683
6571.324525250715,228.19759812824736,182.3863050642022
6579.593870699238,225.4983452706684,180.00241982405208
6587.742155810596,222.73996020475974,177.58063993948625
6595.767496413728,219.92200904966037,175.12067703635012
6603.667994228976,217.04406330595663,172.62224175073925
6611.441736820916,214.10570008718315,170.08504372960047
6619.086797551132,211.10650235549983,167.50879163135485
6626.6012355310195,208.0460591616008,164.89319312654706
6633.983095574569,204.9239658889011,162.23795489852102
6641.230408151174,201.7398245020468,159.5427826441191
6648.341189338416,198.4932437998033,156.807381074411
6655.313440774871,195.18383967236315,154.03145391544595
6662.145149612888,191.81123536312884,151.21470390903391
6668.834288471384,188.37506173502277,148.35683281355816
6675.378815388653,184.87495754135918,145.45754140480685
6681.7766737751535,181.31056970135154,142.5165294768438
6688.025792366305,177.68155358028653,139.53349584290257
6694.124085175265,173.9875732744229,136.5081383363105
6700.069451445748,170.2283019006687,133.44015381144425
6705.859775604806,166.40342189108534,130.32923814471613
6711.492927215631,162.51262529227375,127.17508623559294
6716.966760930336,158.5556140696828,123.9773920076401
6722.279116442771,154.53210041691648,120.73584840960811
6727.427818441289,150.44180707006743,117.45014741654475
6732.410676561569,146.28446762714015,114.11998003093903
6737.225485339395,142.0598268726265,110.74503628390633
6741.870024163438,137.76764110727206,107.32500523640311
6746.342057228088,133.407678483092,103.85957498047381
6750.63933348621,128.9797193436996,100.34843264054017
6754.759586601962,124.48355656998966,96.79126437472105
6758.7005349035735,119.91899593124178,93.18775537619308
6762.459881336146,115.28585644168521,89.53758987458093
6766.035313414473,110.58397072260165,85.84045113739437
6769.424503175778,105.81318537000466,82.09602147150045
6772.625107132559,100.97336132795242,78.30398222462934
6775.634766225365,96.06437426756221,74.46401378692629
6778.451105775584,91.08611497177546,70.57579559254268
