Imperial	5	Max Pwr: 298.1 hp(I) @ 5916 RPM / Max TQ: 272.8 lbf-ft @ 5519 RPM	1.61	0.8	2.95	116.47259370487329
2271.7060492221904,46.960270529942726,108.570672313625
2276.746490801928,47.25516341894221,109.01058368929873
2281.808459440433,47.54786989423024,109.44248644598143
2286.891557341762,47.83842592360742,109.86652328248343
2291.995393825194,48.12686748810189,110.28283605455327
2297.1195852829433,48.41323059132465,110.69156577487826
2302.2637551378757,48.69755126839092,111.09285261308675
2307.427533801218,48.97986559441667,111.48683589575026
2312.610558630271,49.26020969260115,111.8736541063873
2317.812473886125,49.5386197419048,112.25344488546803
2323.03293069137,49.815131984332034,112.62634503041922
2328.2715869878084,50.089782731828684,112.99249049563048
2333.5281074941704,50.36260837280334,113.3520163924609
2338.802163663825,50.633645378281784,113.70505698924657
2344.093433642493,50.902930307703706,114.05174571130871
2349.4016022259593,51.17049981437038,114.39221514096221
2354.7263608177873,51.4363906505526,114.726597017525
2360.067407387031,51.70063967226704,115.05502223732782
2365.4244464259473,51.96328384372995,115.37762085372472
2370.797188907709,52.22436024149629,115.69452207710346
2376.185352244119,52.48390605829297,116.0058542748969
2381.5886602433206,52.741958606554014,116.31174497159476
2387.0068430675133,52.99855532166573,116.61232084875536
2392.4396371906632,53.25373376492986,116.90770774501785
2397.886785356217,53.507531626252636,117.1980306561152
2403.3480365348146,53.75998672656678,117.4834137348867
2408.823145882003,54.01113701999477,117.7639802912913
2414.3118746959462,54.26102059575995,118.03985279242083
2419.8139903751417,54.5096756798535,118.31115286251377
2425.329266376131,54.7571406364637,118.57800128296873
2430.8574821712127,55.003453969175006,118.8405179923584
2436.398423206156,55.24865432194354,119.09882208644359
2441.951880857914,55.492780479856,119.35303181818739
2447.5176523923355,55.735871369678165,119.60326459776896
2453.095540921877,55.97796606020019,119.8496369925981
2458.6853553633173,56.21910376238457,120.09226472732945
2464.286910395471,56.459323829323154,120.33126268387632
2469.900026416898,56.69866575600965,120.56674490142554
2475.5245295036207,56.9371691789333,120.79882457645111
2481.1602513668327,57.174873875499884,121.02761406272869
2486.8070293106143,57.41181976328581,121.2532248713494
2492.464706189645,57.648046899131074,121.47576767073406
2498.133130366915,57.88359547807654,121.69535228664688
2503.812155671439,58.118505832151065,121.91208770220928
2509.50164135597,58.35281842901399,122.1260820579135
2515.2014520547104,58.58657387045801,122.33744265163604
2520.9114577410264,58.819812890777854,122.54627593865114
2526.631533685158,59.05257635500932,122.7526875316435
2532.361560411937,59.28490525704452,122.95678220072172
2538.1014236584933,59.51684071762687,123.15866387343056
2543.851014331974,59.74842398223183,123.35843563476374
2549.610228467252,59.97969641883709,123.55619972717602
2555.3789671846407,60.210699515587194,123.75205755059534
2561.1571366476064,60.44147487835675,123.94610966243445
2566.9446480204806,60.672064228216755,124.13845577760257
2572.7414174261744,60.90250939880803,124.32919476851646
2578.54736590389,61.13285233362594,124.51842466511147
2584.3624193668325,61.363135083220484,124.7062426548521
2590.1865085599266,61.593399802315496,124.89274508274238
2596.0195690175256,61.82368874685083,125.07802745133577
2601.861541021125,62.05404427095131,125.26218442074513
2607.712369557077,62.28450882382594,125.44530980865179
2613.5720042743033,62.515124946600885,125.62749659031472
2619.440399442004,62.745935269089664,125.80883689857926
2625.3175139073755,62.97698250650401,125.98942202388547
2631.2033110533216,63.20830945610831,126.16934241427595
2637.0977587561647,63.439958993821065,126.34868767540361
2643.000829343361,63.67197407076623,126.5275465705389
2648.912499551211,63.90439770977752,126.70600702057675
2654.8327504825756,64.1372730018584,126.88415610404294
2660.7615675645843,64.37064310260052,127.06208005710033
2666.6989405063537,64.60455122856361,127.23986427355453
2672.644863256695,64.83904065361888,127.41759330485942
2678.5993339618303,65.07415470525892,127.59535086012183
2684.5623549231045,65.30993676087623,127.77321980610631
2690.5339325546975,65.54643024401285,127.9512821672391
2696.5140773413377,65.78367862058344,128.12961912561218
2702.5028037960146,66.02172539507366,128.30831102098645
2708.500130417692,66.26061410671608,128.48743735079444
2714.50607964902,66.50038832564599,128.66707677014318
2720.52067783405,66.7410916490385,128.84730709181616
2726.5439551759437,66.98276769722898,129.02820528627507
2732.5759456946903,67.2254601098188,129.20984748166114
2738.6166871848154,67.4692125417675,129.39230896379564
2744.666221173097,67.71406865947401,129.57566417618082
2750.724592876277,67.96007213684734,129.75998671999977
2756.791851158773,68.20726665136867,129.9453493541158
2762.8680484903944,68.45569588014668,130.13182399507187
2768.9532409040503,68.7054034959665,130.3194817170892
2775.0474879534668,68.95643316333434,130.50839275206565
2781.1508526708985,69.20882853451859,130.69862648957366
2787.2634015248404,69.46263324558838,130.89025147685769
2793.385204377741,69.7178909124509,131.08333541883124
2799.5163344437165,69.97464512688833,131.2779451780735
2805.656868246261,70.2329394525952,131.4741467748257
2811.8068855759634,70.49281742121705,131.6720053869866
2817.9664694482153,70.75432252839114,131.87158535010818
2824.135706060929,71.01749822978984,132.07295015739018
2830.314684752245,71.2823879371675,132.27616245967505
2836.5034979582497,71.54903501441106,132.48128406544166
2842.7022411706853,71.81748277359522,132.68837594079923
2848.911012894663,72.08777447104217,132.8974982094803
2855.129914606378,72.35995330338693,133.10871015283388
2861.359050710819,72.63406240364766,133.32207020981755
2867.598528499482,72.91014483730206,133.53763597698952
2873.8484581080875,73.18824359836977,133.7554642085004
2880.108952474285,73.46840160550023,133.9756108160838
2886.380127295374,73.75066169806752,134.1981308690477
2892.662100986012,74.03506663227057,134.42307859426438
2898.9549946359293,74.32165907723984,134.65050737616025
2905.25893196764,74.61048161114981,134.88046975670545
2911.574039294158,74.90157671733755,135.11301743540298
2917.9004454767064,75.19498678042648,135.34820126927704
2924.2382818824326,75.49075408245595,135.58607127286163
2930.587682342121,75.78892079901557,135.82667661818803
2936.948783107904,76.08952899538426,136.07006563477228
2943.321722810977,76.39262062267363,136.31628580960225
2949.70664241931,76.6982375139753,136.56538378712412
2956.1036851953613,77.00642138051117,136.81740536922854
2962.51299665379,77.31721380778676,137.07239551523637
2968.934724519168,77.63065625174647,137.330398341884
2975.369018683694,77.94679003493054,137.59145712330834
2981.8160311649053,78.26565634263248,137.85561429103117
2988.2759160633927,78.58729621905698,138.12291143394341
2994.7488295205108,78.91175056347659,138.39338929828864
3001.234929676092,79.2390601263873,138.6670877876465
3007.7343766261592,79.56926550566135,138.94404596291545
3014.24733238064,79.90240714269692,139.22430204229528
3020.773960821076,80.23852531856339,139.50789340126906
3027.31442765834,80.57766015014153,139.79485657258496
3033.868900390346,80.91985158625711,140.08522724623722
3040.4375482597625,81.26513940380738,140.37904026944705
3047.0205422117265,81.61356320387908,140.67632964664298
3053.618054851555,81.96516240785662,140.97712853944083
3060.2302604024576,82.31997625352004,141.28146926662347
3066.8573346632515,82.67804379113016,141.58938330411948
3073.4994549660723,83.03940387950145,141.9009012849822
3080.1568001340875,83.40409518205985,142.21605299936812
3086.829550439209,83.77215616288487,142.53486739451427
3093.517887559807,84.14362508273493,142.8573725747162
3100.2219945384218,84.51853999505389,143.1835958013048
3106.942055739477,84.89693874195773,143.51356349262244
3113.6782568069916,85.27885895020037,143.84730122399998
3120.4307846222946,85.66433802711632,144.18483372773179
3127.1998272617366,86.0534131565394,144.52618489305138
3133.9855739544028,86.44612129469574,144.8713777661061
3140.788215039825,86.84249916606946,145.2204345499316
3147.6079419256967,87.24258325923995,145.573376604426
3154.4449470455843,87.64640982268827,145.93022444632274
3161.2994238166393,88.05401486057244,146.29099774916463
3168.1715665973124,88.4654341284684,146.65571534327577
3175.061570645067,88.88070312907645,147.0243952157338
3181.9696320740904,89.29985710789055,147.39705451034177
3188.8959478130073,89.72293104882931,147.77370952759924
3195.8407155625923,90.14995966982693,148.1543757246732
3202.8041337534837,90.58097741838196,148.53906771536808
3209.786401503895,91.01601846706298,148.927799270096
3216.78771857733,91.4551167089685,149.32058331584554
3223.808285340292,91.8983057531401,149.71743193615112
3230.848302720001,92.34561891992668,150.1183563710609
3237.907972162102,92.79708923629806,150.5233670171049
3244.9874955883824,93.25274943110648,150.93247342726244
3252.0870753544814,93.71263193029337,151.34568431092848
3259.2069142076043,94.1767688520408,151.76300753388057
3266.347215244235,94.64519200186447,152.1844501182441
3273.508181867849,95.11793286764785,152.6100182424581
3280.690017746626,95.59502261461397,153.03971724123952
3287.8929267711637,96.07649208023454,153.47355160554753
3295.1171130121893,96.56237176907383,153.9115249825474
3302.362780678273,97.05269184756526,154.35364017557333
3309.6301340735404,97.54748213871949,154.79989914409126
3316.919377555386,98.04677211676137,155.25030300366032
3324.2307154921864,98.55059090169499,155.70485202589504
3331.564352221012,99.05896725379341,156.16354563842526
3338.92049200534,99.5719295680127,156.62638242485676
3346.299338992768,100.08950586832783,157.09336012473113
3353.7010971727263,100.61172380198812,157.56447563348428
3361.125970334191,101.13861063369109,158.03972500240513
3368.574162023397,101.67019323967237,158.51910343859308
3376.04587550155,102.20649810171038,159.0026053049156
3383.5413137025407,102.74755130104295,159.49022411996407
3391.0606791906553,103.29337851219515,159.9819525580101
3398.6041741182917,103.84400499671577,160.47778244896054
3406.17200018367,104.39945559682086,160.97770477831193
3413.764358588546,104.95975472894229,161.48170968710426
3421.3814499959226,105.5249263771799,161.98978647187408
3429.023474487766,106.09499408665512,162.50192358460677
3436.690631522716,106.66998095676456,163.01810863268858
3444.3831198937983,107.24990963433122,163.53832837885736
3452.1011376861397,107.83480230665214,164.06256874115263
3459.844882234678,108.42468069444041,164.59081479286525
3467.6145500818793,109.01956604466018,165.12305076248606
3475.4103369354452,109.6194791232521,165.65926003365382
3483.2324376260303,110.22444020774849,166.19942514510248
3491.0810460649527,110.83446907977581,166.74352779060726
3498.956355201907,111.44958501744298,167.29154881893047
3506.8585569826787,112.0698067876141,167.84346823376598
3514.787842306854,112.69515263806355,168.39926519368348
3522.744400985537,113.32564028951208,168.9589180120712
3530.7284216990583,113.96128692754212,169.5224041570783
3538.74009195469,114.60210919439092,170.08970025155614
3546.779598044357,115.24812318061976,170.66078207299856
3554.8471250023545,115.8993444166582,171.23562455348195
3562.9428565630537,116.55578786422038,171.81420177960314
3571.06697511862,117.21746790759437,172.39648699241786
3579.219661676724,117.8843983448004,172.98245258737694
3587.4010958182544,118.55659237861857,173.57207011426237
3595.611455655031,119.23406260748372,174.16531027712253
3603.850917787517,119.91682101624555,174.76214293420517
3612.119657262533,120.60487896679456,175.36253709789133
3620.417847530969,121.29824718854988,175.96646093462638
3628.745660405498,121.99693576881005,176.5738817648515
3637.103266018286,122.70095414296387,177.18476606293333
3645.49083277871,123.4103110845607,177.79907945709226
3653.9085273310657,124.12501469523954,178.4167867293309
3662.356514512285,124.8450723945146,179.03785181536034
3670.834957309643,125.57049090941703,179.66223780452566
3679.344016818478,126.30127626399143,180.28990693973017
3687.8838521998982,127.03743376864642,180.9208206173593
3696.454620638498,127.77896800935763,181.55493938720204
3705.056477300069,128.5258828367226,182.19222295237228
3713.689575289315,129.27818135486677,182.83263016922874
3722.3540656075625,130.0358659101991,183.47611904729328
3731.0500971104743,130.79893808001697,184.12264674916847
3739.7778164657634,131.56739866095919,184.77216959045379
3748.5373681109054,132.34124765730704,185.42464303966076
3757.3288942108493,133.12048426913097,186.080021718126
3766.152534615733,133.90510688028473,186.7382593999245
3775.0084268185965,134.69511304624427,187.39930901178033
3783.896705913091,135.49049948179092,188.06312263297616
3792.817504551196,136.29126204854018,188.7296514952625
3801.77095290093,137.09739574231313,189.39884598276413
3810.7571786040617,137.908894680352,190.0706556318867
3819.7763067338283,138.72575208837813,190.7450291312204
3828.8284597526426,139.5479602874926,191.42191432144347
3837.913757469808,140.37551068091975,192.10125819522395
3847.032316999232,141.20839374059184,192.7830068971196
3856.1842527171393,142.04659899357625,193.46710572347698
3865.369676219782,142.89011500834403,194.15349912232853
3874.5886962811555,143.73892938088028,194.84213069328885
3883.8414188107104,144.5930287206359,195.53294318744867
3893.1279468110642,145.45239863632122,196.225878507268
3902.4483803357152,146.3170237215411,196.92087770646742
3911.8028164467555,147.18688754027218,197.6178809899182
3921.1913491725836,148.06197261218162,198.31682771353005
3930.6140694656165,148.9422603977887,199.01765638413812
3940.071065160004,149.8277312834688,199.72030465938826
3949.56242092934,150.71836456630066,200.42470934762054
3959.088218244376,151.61413843875627,201.13080640775075
3968.648535330736,152.51502997323607,201.8385309491512
3978.2434471266242,153.42101510644713,202.54781723152894
3987.873025240543,154.33206862362826,203.25859866480326
3997.5373379090042,155.2481641426191,203.97080780898014
4007.2364499542405,156.16927409777742,204.68437637402647
4016.970422741919,157.09536972374318,205.3992352197418
4026.7393141388557,158.026421039051,206.11531435562813
4036.5431784707266,158.96239682959254,206.83254294075894
4046.3820664797804,159.9032646319283,207.55084928364502
4056.2560252825524,160.84899071645188,208.27016084209967
4066.1650983275767,161.7995400704072,208.99040422310222
4076.1093253531,162.7548763807581,209.71150518265807
4086.088742344792,163.71496201691556,210.43338862565946
4096.103381493462,164.67975801331968,211.15597860574204
4106.153271152768,165.6492240518814,211.8791983251411
4116.238435796931,166.6233184442827,212.60297013454513
4126.35889597845,167.60199811413966,213.327215532948
4136.514668285812,168.5852185790276,214.05185516749881
4146.705765301205,169.57293393237165,214.7768088333502
4156.932195558231,170.5650968252043,215.50199547350476
4167.193963499622,171.56165844779164,216.22733317865882
4177.491069434949,172.56256851113002,216.95273918704495
4187.823509498334,173.5677752283169,217.67812988427286
4198.191275606168,174.57722529579559,218.40342080316697
4208.59435541482,175.59086387447837,219.12852662360348
4219.03273227835,176.60863457074916,219.85336117234425
4229.506385206222,177.6304794173488,220.57783742286998
4240.01528882102,178.65633885414442,221.30186749520917
4250.559413316154,179.68615170878786,222.02536265576796
4261.138724413581,180.71985517726313,222.74823331715564
4271.753183321512,181.757384804327,223.47038903800842
4282.402746692127,182.79867446384705,224.19173852281298
4293.087366579288,183.84365633903647,224.91218962172476
4303.80699039625,184.89226090259305,225.63164933038738
4314.561560873375,185.9444168967425,226.35002378974778
4325.351016015849,187.00005131318997,227.0672182858695
4336.175289061388,188.05908937298545,227.78313724974612
4347.034308437953,189.12145450630186,228.49768425710863
4357.927997721465,190.18706833213423,229.210762028234
4368.8562755935145,191.25585063792096,229.92227242774987
4379.819055799082,192.32771935909201,230.6321164644384
4390.816247104238,193.402590558546,231.34019429103617
4401.847753253867,194.48037840606375,232.04640520403385
4412.913472929376,195.56099515765837,232.7506476434721
4424.0132997064065,196.64435113486846,233.4528191927358
4435.14712201255,197.73035470399984,234.15281657834782
4446.31482308506,198.8189122553151,234.85053566975694
4457.516280928561,199.90992818218166,235.54587147912673
4468.751368272766,201.0033048601801,236.238718161122
4480.0199525301905,202.09894262617541,236.92896901269054
4491.32189575386,203.19673975736004,237.61651647284572
4502.657054595027,204.2965924502711,238.30125212244496
4514.025280260881,205.39839479978684,238.98306668396657
4525.426418472263,206.502038778109,239.6618500212847
4536.8603094213795,207.60741421373487,240.33749113944185
4548.326787729516,208.71440877042437,241.0098781844184
4559.825682404742,209.82290792616908,241.67889844290164
4571.356816799633,210.932794952167,242.34443834205067
4582.920008568981,212.04395089181085,243.0063834492608
4594.515069627506,213.1562545396932,243.66461847192468
4606.141806107567,214.2695824206361,244.31902725719135
4617.80001831688,215.38380876875124,244.96949279172338
4629.489500696225,216.49880550653674,245.61589720145244
4641.210041777165,217.61444222401497,246.2581217513307
4652.961424139752,218.73058615792132,246.8960468450825
4664.743424370248,219.8471021709477,247.52955202495218
4676.555813018827,220.96385273104787,248.1585159714504
4688.398354557303,222.08069789081264,248.7828165030977
4700.270807336823,223.1974952669208,249.4023305761674
4712.1729235456005,224.31410001967333,250.0169342844249
4724.104449166614,225.4303648326161,250.62650285886437
4736.065123935325,226.54613989226272,251.23091066744567
4748.054681297391,227.66127286792107,251.83003121482773
4760.072848366377,228.7756088916305,252.42373714209808
4772.119345881469,229.88899053822308,253.01190022650474
4784.193888165189,231.0012578055094,253.59439138118182
4796.296183081102,232.11224809460052,254.17108065487395
4808.425931991538,233.22179619037743,254.74183723166198
4820.582829715293,234.3297342421074,255.30652943068142
4832.766564485351,235.4358917442256,255.86502470584347
4844.976817906598,236.5400955172828,256.417189645551
4857.213264913526,237.64216968907186,256.9628899724142
4869.475573727952,238.7419356759411,257.50199054296417
4881.76340581673,239.83921216430159,258.03435534736366
4894.076415849464,240.93381509234064,258.5598475091171
4906.414251656218,242.0255576319468,259.0783292847775
4918.776554185237,243.11425017086052,259.5896620636534
4931.162957460645,244.19970029505325,260.09370636751106
4943.573088540177,245.28171277135365,260.59032185027877
4956.006567472874,246.36008953031978,261.0793672977451
4968.463007256807,247.4346296493781,261.56070062725905
4980.942013796785,248.50512933623108,262.0341788874267
4993.443185862072,249.57138191254754,262.49965825780606
5005.966115044093,250.63317779794556,262.9569940486012
5018.510385714155,251.69030449427757,263.40604070035374
5031.075574981152,252.74254657022965,263.8466517836342
5043.6612526492845,253.78968564624392,264.27867999872973
5056.26698117577,254.8315003797778,264.70197717533307
5068.892315628549,255.8677664509072,265.1163942722272
5081.536803644016,256.89825654828945,265.52178137697
5094.199985384708,257.9227403554942,265.9179877055787
5106.881393497037,258.94098453771414,266.3048616022096
5119.580553068997,259.95275272887085,266.6822505388409
5132.29698158787,260.9578055191204,267.05000111495025
5145.030188897946,261.95590044277895,267.40795905719324
5157.779677158238,262.94679196667573,267.75596921908084
5170.544940800188,263.9302314789457,268.09387558065447
5183.325466485381,264.9059672782766,268.4215212481609
5196.120733063266,265.8737445636236,268.73874845372677
5208.930211528857,266.83330542439825,269.0453985550295
5221.753364980454,267.78438883115496,269.3413120349708
5234.589648577352,268.72673062677956,269.62632850134713
5247.438509497555,269.66006351819595,269.90028668651905
5260.299386895493,270.5841170686073,270.16302444708185
5273.171711859723,271.4986176902807,270.4143787635333
5286.054907370659,272.40328863789387,270.6541857399431
5298.948388258268,273.2978500024515,270.8822806036176
5311.851561159794,274.1820187057961,271.0984977047707
5324.763824477468,275.05550849571404,271.30267051618694
5337.684568336215,275.9180299416643,271.49463163289033
5350.613174541381,276.7692904311354,271.6742127718082
5363.549016536428,277.6089941666506,271.8412447714384
5376.491459360659,278.4368421634346,271.99555759151445
5389.439859606929,279.2525322477565,272.13698031267006
5402.393565379354,280.0557590559668,272.265341136106
5415.351916251026,280.8462140342411,272.38046738325465
5428.314243221728,281.6235854390486,272.4821854954461
5441.279868675641,282.38755833836007,272.5703210335737
5454.24810633907,283.1378146136124,272.6446986777597
5467.218261238133,283.8740329624464,272.7051422270235
5480.189629656503,284.5958889022323,272.75147459894697
5493.161499093096,285.30305477440146,272.7835178293424
5506.133148219798,285.9951997496026,272.80109307192106
5519.103846839174,286.6719898336963,272.8040205979622
5532.07285584218,287.33308787460714,272.79211979598256
5545.039427165879,287.9781535700514,272.7652091714067
5558.002803751147,288.6068434761557,272.72310634623875
5570.962219500392,289.21881101698926,272.66562805873656
5583.916899235268,289.81370649502094,272.59259016308357
5596.866058654382,290.3911771025257,272.50380762906576
5609.808904291011,290.950866933956,272.39909454174784
5622.744633470811,291.4924169992952,272.27826410115085
5635.672434269538,292.01546523841773,272.14112862193303
5648.59148547075,292.5196465364673,271.98749953307055
5661.500956523529,293.0045927402801,271.8171873775423
5674.400007500188,293.4699326758649,271.6300018120137
5687.287789053984,293.91529216696614,271.4257516065245
5700.163442376837,294.3402940547283,271.20424464417965
5713.026099157038,294.7445582184773,270.96528792083956
5725.874881536958,295.1277015976459,270.7086875448156
5738.708902070771,295.4893382148595,270.43424873656727
5751.527263682157,295.82907920020256,270.14177582840085
5764.329059622023,296.1465328166887,269.83107226417155
5777.113373426205,296.44130448695716,269.5019405989909
5789.879278873195,296.7129968212112,269.1541824989332
5802.625839941842,296.9612096464244,268.7875987407471
5815.352110769072,297.18554003683903,268.401989211573
5828.057135607596,297.38558234576954,267.99715290865856
5840.739948783626,297.5609282387425,267.57288793908185
5853.399574654587,297.7111667279924,267.12899151947755
5866.035027566832,297.83588420833445,266.6652599757672
5878.645311813343,297.93466449443605,266.1814887428915
5891.229421591468,298.0070888595153,265.6774723645482
5903.7863409606125,298.0527360754868,265.15300449293653
5916.31504379995,298.0711824545751,264.6078778885029
5928.814493766162,298.06200189242463,264.04188441969075
5941.283644251116,298.02476591272966,263.4548150627006
5953.721438339609,297.9590437134013,262.84645990124693
5966.126808767052,297.86440221430956,262.21660812632985
5978.498677877213,297.7404061066084,261.5650480360019
5990.8359575799,297.5866179036841,260.89156703514925
6003.137549308698,297.40259799373996,260.1959516352722
6015.402343978667,297.1879046940521,259.47798745427554
6027.629221944062,296.94209430691404,258.73745921626266
6039.817052956043,296.6647211773028,257.97415075133785
6051.964696120383,296.35533775228384,257.1878449954115
6064.070999855199,296.01349464219436,256.37832399001746
6076.134801848637,295.6387406836136,255.54536888213073
6088.154929016611,295.2306230041651,254.688759923997
6100.130197460501,294.7886870891646,253.8082764729676
6112.059412424868,294.3124768501457,252.9036969913408
6123.941368255171,293.80153469529347,251.97479904621323
6135.774848355478,293.2554016018062,251.02135930933588
6147.558625146172,292.6736171902214,250.0431535569809
6159.291460021681,292.0557198007282,249.03995666981479
6170.972103308167,291.401246571497,248.0115426327812
6182.5992942212615,290.7097335190548,246.95768453499076
6194.171760823767,289.98071562073335,245.8781545696204
6205.688219983364,289.21372689922475,244.77272403382435
6217.147377330339,288.40830050926303,243.64116332864845
6228.547927215292,287.5639688264745,242.48324195896018
6239.888552666835,286.6802635384164,241.2987285333856
6251.167925349329,285.7567157378366,240.087390764254
6262.384705520581,284.7928560181889,238.84899546755747
6273.53754198955,283.7882145714298,237.58330856291875
6284.62507207409,282.742321288126,236.2900950735665
6295.645921558627,281.6547058599123,234.96911912632888
6306.598704651894,280.5248978843175,233.62014395162925
6317.48202394464,279.35242697200755,232.24293188350265
6328.294470367335,278.1368228564569,230.83724435961528
6339.0346231478925,276.8776155060994,229.40284192130187
6349.7010497693755,275.574335238979,227.93948421361304
6360.292305927718,274.2265128399372,226.44692998537536
6370.806935489427,272.8336796803675,224.92493708926347
6381.243470449301,271.3953678405739,223.37326248188631
6391.600430888142,269.9111102347641,221.79166222388693
6401.876324930472,268.3804407387082,220.17989148005313
6412.06964870224,266.80289432010403,218.53770451944592
6422.178886288533,265.17800717167324,216.8648547155375
6432.2025096913,263.50531684703617,215.1610945463697
6442.138978787056,261.78436239938287,213.42617559472092
6451.986741284598,260.0146845229888,211.659848548291
6461.744232682708,258.1958256976055,209.86186319990273
6471.409876227888,256.3273303357601,208.03196844771546
6480.982082872048,254.40874493299978,206.16991229545712
6490.459251230241,252.43961822112257,204.27544185267323
6499.839767538353,250.41950132441934,202.34830333498962
6509.122005610834,248.34794791897284,200.38824206439278
6518.304326798407,246.2245143950509,198.39500246953102
6527.385079945778,244.04876002262003,196.36832808602725
6536.362601349345,241.8202471200277,194.3079615568132
6545.235214714914,239.538541225889,192.21364463248352
6554.001231115424,237.2032112742048,190.08511817166135
6562.658948948638,234.81382977276652,187.9221221413914
6571.206653894869,232.36997298487245,185.72439561754794
6579.642618874697,229.8712211143954,183.4916767852603
6587.965104006671,227.31715849424606,181.22370293936132
6596.1723565650245,224.70737377827018,178.92021048485734
6604.262610937387,222.04146013661006,176.58093493741382
6612.234088582511,219.31901545458356,174.2056109238676
6620.084997987964,216.53964253510574,171.79397218275503
6627.813534627858,213.70294930470655,169.34575156486665
6635.417880920555,210.8085490231753,166.8606810338213
6642.896206186371,207.8560604968756,164.338491666663
6650.246666605308,204.84510829577388,161.77891365448173
6657.467405174757,201.77532297421584,159.1816763030549
6664.556551667207,198.6463412955026,156.5465080335171
6671.51222258796,195.4578064602949,153.87313638304835
6678.332521132854,192.20936833890119,151.16128800559193
6685.015537145957,188.90068370747764,148.4106886725929
6691.559347077298,185.53141648819422,145.62106327376426
6697.962013940571,182.10123799340235,142.79213581787857
6704.221587270844,178.60982717385073,139.92362943358606
6710.336103082287,175.05687087098505,137.01526637025526
6716.303583825862,171.44206407339095,134.06676799884923
6722.122038347055,167.76511017740089,131.07785481281852
6727.789461843586,164.02572125193169,128.0482464290309
6733.3038358231115,160.22361830757947,124.97766158872392
6738.663128060951,156.35853157002805,121.86581815848974
6743.865292557784,152.43020075780532,118.7124331312856
6748.908269497377,148.43837536444195,115.51722262747671
6753.789985204297,144.38281494507245,112.27990189590923
6758.508352101608,140.2632894075206,109.00018531501067
6763.061268668593,136.07957930792506,105.67778639392587
6767.446619398486,131.83147615094043,102.31241777368118
6771.662274756145,127.51878269456446,98.90379122838146
6775.7060911357985,123.141313259639,95.45161766643994
6779.575910818752,118.69889404407124,91.95560713184275
6783.269561931082,114.19136344181405,88.41546880544213
6786.7848584013645,109.6185723666641,84.83091100628712
6790.1195999184,104.98038458092184,81.20164119299048
6793.271571888892,100.27667702895263,77.52736596512617
6796.238545395199,95.50734017570805,73.80779106466535
6799.018277153016,90.6722783502479,70.0426213774474
6801.608509469101,85.77141009431398,66.2315609346872
