Imperial	5	Max Pwr: 230.9 hp(I) @ 4710 RPM / Max TQ: 257.4 lbf-ft @ 4710 RPM	0.0	0.0	1.99	51.06897281131238
2307.80943416946,7.2300880435746135,16.454235659427155
2308.322783566809,8.67359583672655,19.734981101128835
2308.998480721029,10.093476094338353,22.958905639952494
2309.8336965795343,11.490257432938837,26.126613326345215
2310.825632299957,12.864450655956821,29.238705488230437
2311.9715191115242,14.216549320045644,32.29578072919597
2313.2686181764425,15.547030288577757,35.2984349267399
2314.714220451275,16.856354272508355,38.247261230572924
2316.305646548323,18.144966358805277,41.142850060976016
2318.0402465970024,19.413296526640387,43.9857891072118
2319.9154001052293,20.661760151536047,46.77666332598891
2321.9285158207963,21.890758497658062,49.51605493997748
2324.077031592753,23.100679198444997,52.204543436375026
2326.358414232787,24.291896725761713,54.84270556552137
2328.770159376603,25.46477284776315,57.43111533956126
2331.309791345303,26.619657075652675,59.97034403115395
2333.9748630067675,27.756887099517204,62.46096017222792
2336.7629556370334,28.876789213419965,64.90352955278055
2339.6716787816763,29.979678729929272,67.29861521972062
2342.698670117188,31.065860384260645,69.64677747575342
2345.8415953123595,32.13562872820705,71.94857387830682
2349.0981478896583,33.189268514030935,74.20455923849767
2352.46604908661,34.22705506848918,76.41528562013704
2355.943047717178,35.249254657161245,78.58130233877397
2359.5269200331436,36.25612483924784,80.70315596077577
2363.215469585485,37.24791481300699,82.78139030244513
2367.0065270857594,38.22486575199124,84.81654642917162
2370.897950267481,39.187211132249196,86.80916265461812
2374.887623747503,40.13517705065199,88.75977453994015
2378.973458887394,41.0689825345039,90.66891489303775
2383.153393654823,41.98883984259458,92.53711376783876
2387.4253924849363,42.89495475784842,94.36489846361282
2391.7874461417373,43.78752687172519,96.15279352431514
2396.2375715794683,44.666749860524,97.9013207379591
2400.7738118039892,45.53281175374107,99.61099913601696
2405.3942357341584,46.385895194630436,101.28234499284811
2410.096938063212,47.22617769311405,102.91587182515332
2414.8800391201435,48.05383187118742,104.51209039145519
2419.741684731086,48.869025700963896,106.0715086916031
2424.6800460806903,49.67192273550003,107.59463196630273
2429.693319573504,50.46268233254222,109.08196269666888
2434.779726695355,51.241459871333376,110.53400060380086
2439.9375138747278,52.00840696261654,111.95124264837992
2445.164952344146,52.76367165197128,113.33418303028836
2450.4603380015515,53.50739861661614,114.68331318824895
2455.821991271684,54.23972935580949,115.99912179948409
2461.248256967462,54.960802374979515,117.28209477939501
2466.7375041513624,55.67075336371187,118.53271528125894
2472.2881259968,56.36971536772253,119.75146369594454
2477.8985396495086,57.05781895494173,120.93881765164517
2483.56718608892,57.735192375832504,122.09525201362823
2489.292529989545,58.40196171806709,123.22123888400135
2495.073059582352,59.0582510556818,124.31724760149412
2500.9072865161493,59.70418259282968,125.38374474125469
2506.7937457189623,60.339876802249115,126.42119411466135
2512.7309952594164,60.96545255856431,127.43005676914754
2518.717616208114,61.58102726653278,128.41079098804082
2524.752212499018,62.18671698435301,129.36385229041474
2530.833410790828,62.782636542143806,130.289693430953
2536.9598603283644,63.3688996557056,131.18876439982574
2543.130232803944,63.94561903567277,132.0615124225773
2549.343222218765,64.51290649216361,132.9083819600246
2555.5975447442815,65.07087303503428,133.72981470816708
2561.891938583589,65.6196289698406,134.52624959810586
2568.2251638328003,66.1592839896103,135.2981227959725
2574.5960023424273,66.6899472625278,136.0458677028678
2581.0032575787613,67.21172751563063,136.76991495480897
2587.445754485252,67.72473311461628,137.47069242268495
2593.9223393438883,68.22907213985656,138.14862521222057
2600.431879636578,68.72485245871461,138.80413566394725
2606.973263906528,69.2121817942594,139.43764335318198
2613.545401619623,69.69116779046998,140.04956509001283
2620.1472230258096,70.16191807402105,140.64031491929072
2626.7776790204707,70.62454031273957,141.21030412062777
2633.435741005809,71.07914227082162,141.75994120840164
2640.1204007522283,71.52583186089595,142.28963193176455
2646.8306702597083,71.96471719302079,142.79977927465876
2653.56558161919,72.395906620698,143.2907834558359
2660.3241868739537,72.81950878398798,143.7630419288814
2667.105557880998,73.23563264980699,144.21694938224303
2673.908786172421,73.64438754948776,144.65289773926375
2680.7329828168004,74.04588321368207,145.07127615821787
2687.577278280573,74.44022980468372,145.4724710323508
2694.4408222894153,74.82753794624834,145.85686598992248
2701.3227836896226,75.20791875098509,146.22484189425305
2708.2223503094897,75.58148384539469,146.5767768437715
2715.138728820692,75.9483453926265,146.91304617206708
2722.0711445996626,76.30861611302575,147.23402244794246
2729.018841588975,76.66240930254182,147.5400754754691
2735.9810821587225,77.00983884906624,147.83157229404483
2742.957146967897,77.35101924676812,148.108877178452
2749.9463348257714,77.6860656084939,148.37235163891822
2756.947962553276,78.01509367629642,148.6223544211773
2763.9613648443833,78.33821983015791,148.85924150653167
2770.9858941274833,78.6555610949694,149.0833661119156
2778.020920426767,78.9672351458286,149.29507868995879
2785.065831223605,79.27336031171703,149.4947269290509
2792.120031317927,79.57405557761508,149.68265575340564
2799.1829426896024,79.86944058511445,149.85920732312596
2806.2540043598215,80.15963563158385,150.0247210342682
2813.332672252473,80.44476166794499,150.179533518907
2820.4184190555266,80.72494029511306,150.32397864519933
2827.510734082411,81.00029375915557,150.45838751744813
2834.6091231333953,81.27094494522255,150.58308847616584
2841.713108356969,81.53701737029911,150.69840709813667
2848.82222811122,81.79863517483103,150.80466619647856
2855.9360368252173,82.05592311327281,150.90218582070375
2863.054104860391,82.30900654360626,150.9912832567787
2870.176018371908,82.55801141587692,151.0722730271827
2877.3013791700587,82.80306425979478,151.14546689096545
2884.4298045816313,83.04429217144343,151.21117384380304
2891.560927311296,83.28182279914299,151.26970011805253
2898.6943953029804,83.51578432850891,151.32134918280553
2905.8298716012555,83.74630546674899,151.36642174393933
2912.96703421271,83.97351542623969,151.4052157441674
2920.1055759673345,84.19754390742149,151.43802636308735
2927.2452043798985,84.41852108105262,151.46514601722743
2934.3856415113323,84.63657756985867,151.48686436009092
2941.5266238301074,84.85184442961624,151.5034682821995
2948.6679020736137,85.06445312970497,151.51524191113327
2955.8092411095436,85.27453553316472,151.5224666115696
2962.9504197972683,85.48222387629144,151.5254209853201
2970.09123084922,85.68765074780461,151.5243808713647
2977.2314806922723,85.8909490676193,151.51961934588442
2984.3709893291166,86.09225206525348,151.51140672229087
2991.5095901996474,86.29169325790214,151.50001055125486
2998.647130042339,86.48940642820651,151.48569562073175
3005.783468755625,86.68552560174783,151.46872395598427
3012.9184792592823,86.88018502429406,151.44935481960465
3020.0520473558054,87.07351913882484,151.4278447115323
3027.184071591791,87.2656625623625,151.4044473690706
3034.314463119317,87.45675006263298,151.37941376690026
3041.4431455573203,87.64691653458264,151.35299211709187
3048.5700548529803,87.83629697677225,151.3254278691136
3055.695139143095,88.02502646767338,151.29696370983913
3062.8183586154655,88.21324014188727,151.26783956355112
3069.939685370272,88.40107316630758,151.23829259194284
3077.059103281457,88.58866071624878,151.20855719411816
3084.176607858102,88.77613795155723,151.17886500658778
3091.2922061058107,88.96363999272603,151.14944490326423
3098.4059163880884,89.15130189702995,151.12052299545323
3105.5177682877184,89.33925863469823,151.09232263184344
3112.627802468148,89.52764506514235,151.06506439849372
3119.736070534864,89.71659591325316,151.03896611881757
3126.842634896775,89.90624574578301,151.0142428535653
3133.94756862759,90.09672894782781,150.99110690080414
3141.050955327199,90.28817969942058,150.96976779589482
3148.152888983054,90.48073195225207,150.95043231146764
3155.253473831547,90.67451940652785,150.93330445739448
3162.352824219391,90.86967548797466,150.91858548075888
3169.451064465002,91.06633332500734,150.9064738658243
3176.548328719876,91.26462572606458,150.8971653339994
3183.6447608299686,91.46468515712485,150.89085284380138
3190.74051419708,91.66664371941019,150.8877265908174
3197.8357516402293,91.87063312728559,150.8879740076624
3204.9306452570377,92.07678468636269,150.89177976393597
3212.025376285107,92.28522927181395,150.89932576617664
3219.120134963403,92.49609730690322,150.91079115781375
3226.2151203936282,92.70951874173885,150.92635231911711
3233.310540401611,92.92562303225432,150.94618286714478
3240.4066113986787,93.14453911942059,150.9704536556886
3247.503558243041,93.36639540869426,150.99933277521743
3254.601614101169,93.59131974970451,151.03298555281822
3261.7010203091754,93.81943941618246,151.07157455213607
3268.8020262341943,94.05088108613315,151.11525957330986
3275.9048891357616,94.28577082225523,151.16419765290968
3283.009874027194,94.52423405260463,151.21854306386766
3290.1172535369706,94.76639555150759,151.2784473154104
3297.2273077701125,95.01237942072031,151.3440591529882
3304.340324169561,95.26230907083534,151.41552455820218
3311.4565973775607,95.51630720293389,151.49298674872966
3318.5764290970387,95.77449579048334,151.57658617824845
3325.7001279529804,96.03699606147565,151.66646053635714
3332.828009353816,96.30392848080864,151.762744748497
3339.960395352797,96.57541273290171,151.86557097586817
3347.0976145093764,96.85156770454823,151.97506861534774
3354.240001750589,97.13251146799671,152.0913642994036
3361.3878982324304,97.4183612642582,152.21458189600693
3368.5416512012416,97.70923348663692,152.34484250854507
3375.701613855082,98.00524366447489,152.48226447572904
3382.868145205114,98.30650644711027,152.62696337150305
3390.041609936984,98.61313558803953,152.7790520049502
3397.2223782721967,98.92524392927925,152.93864042019712
3404.4108258295023,99.24294338592105,153.10583589631764
3411.6073334862713,99.56634493087103,153.2807429472335
3418.812287239877,99.89555857976909,153.4634633216154
3426.0260780690746,100.2306933760775,153.65409600278048
3433.249101795381,100.57185737633336,153.85273720859013
3440.4817589444574,100.91915763555454,154.0594803913446
3447.7244546074835,101.27270019279263,154.27441623767854
3454.9775983025447,101.63259005682085,154.49763266845153
3462.241603836008,101.99893119195127,154.7292148386409
3469.5168891639005,102.37182650396876,154.96924513723044
3476.803876253295,102.75137782617375,155.21780318709904
3484.102990943684,103.13768590552257,155.47496584490756
3491.4146628083636,103.53085038885507,155.7408072009836
3498.739325015811,103.93096980920038,156.0153985792069
3506.0774141910692,104.33814157214674,156.29880853689036
3513.42937027712,104.75246194226777,156.59110286466228
3520.7956363962694,105.17402602959173,156.89234458634638
3528.1766587115253,105.60292777610202,157.20259395883969
3535.5728862879796,106.03925994225878,157.52190847199049
3542.9847709541846,106.48311409352677,157.85034284847256
3550.412767163537,106.93458058690119,158.18794904366132
3557.857331855655,107.39374855741573,158.5347762455067
3565.3189243177603,107.86070590462026,158.89087087440308
3572.798006046057,108.33553927901914,159.2562765830619
3580.295040607112,108.81833406845222,159.63103425637894
3587.810493499235,109.3091743844089,160.01518201130227
3595.344832013857,109.8081430482616,160.40875519669905
3602.8985250969154,110.31532157740334,160.81178639321922
3610.4720432102263,110.83079017127858,161.22430541315987
3618.065858192871,111.35462769729182,161.64633930032628
3625.6804431225737,111.8869116765812,162.07791232989274
3633.316272177081,112.42771826964358,162.51904600826202
3640.9738204955415,112.97712226179532,162.96975907292165
3648.6535640398897,113.53519704845897,163.43006749230187
3656.3559794562198,114.10201462025599,163.8999844656285
3664.0815439361695,114.67764554789701,164.3795204227767
3671.8307350783025,115.26215896685234,164.86868302412245
3679.6040307494823,115.85562256178977,165.36747716039307
3687.401908946257,116.45810255076366,165.87590495251382
3695.224847656237,117.06966366914496,166.39396575145648
3703.0733247194785,117.69036915327415,166.9216561380837
3710.947817689856,118.32028072382388,167.45896992299217
3718.8488036964523,118.95945856885889,168.0058981463547
3726.7767593049293,119.60796132657664,168.56242907776007
3734.732160378915,120.26584606771577,169.12854821605112
3742.7154819413813,120.93316827761852,169.70423828916157
3750.7271980360188,121.60998183793109,170.2894792539497
3758.7677815886263,122.29633900793121,170.88424829603193
3766.8377042684842,122.99229040546555,171.48851982961313
3774.9374363497363,123.6978849874852,172.1022654973155
3783.067446572769,124.41317003016465,172.72545417000558
3791.2282020055945,125.13819110859022,173.35805194661836
3799.4201679052258,125.87299207600553,174.00002215398078
3807.6438075790616,126.61761504259918,174.6513253466321
3815.899582246261,127.37210035382117,175.31191930664187
3824.1879508991315,128.13648656821604,175.98175904342605
3832.509370164501,128.9108104347584,176.6607967935609
3840.8642941651005,129.69510686967936,177.34898202059594
3849.253174380945,130.48940893276736,178.04626141486054
3857.676459510718,131.29374780313586,178.7525788932722
3866.1345953331374,132.10815275444173,179.46787559914125
3874.628024568353,132.93265112954236,180.19208990197114
3883.1571867393136,133.76726831458092,180.92515739725832
3891.722518033157,134.61202771248642,181.66701090628834
3900.324451162576,135.46695071587706,182.41758047592958
3908.9634152272192,136.33205667935673,183.17679337842455
3917.6398355750484,137.20736289119031,183.9445741111777
3926.354133663732,138.09288454434932,184.72084439653952
3935.1067269220275,138.98863470691788,185.50552318159077
3943.8980286111514,139.89462429184383,186.2985266379195
3952.7284476861632,140.81086202602972,187.0997681613976
3961.5983886573513,141.7373544187531,187.9091583719555
3970.5082514516034,142.67410572940065,188.726605113349
3979.4584312737957,143.62111793451405,189.5520134529261
3988.449318468164,144.57839069413575,190.3852856813916
3997.48129837969,145.54592131744354,191.22632131256512
4006.5547512154826,146.52370472766762,192.07501708313674
4015.670051906147,147.5117334262828,192.93126695242069
4024.827569967183,148.50999745646345,193.79496210210021
4034.027669360347,149.5184843658035,194.66599093597864
4043.2707083550426,150.53717916827915,195.54423907971423
4052.557039389697,151.56606430546347,196.42958938056108
4061.8870089331413,152.60511960697417,197.3219219070998
4071.2609573459895,153.65432225015732,198.22111394896896
4080.679218742024,154.7136467189944,199.12704001658815
4090.1421208495685,155.78306476223165,200.03957184087903
4099.6499848728745,156.8625453507268,200.95857837298257
4109.203125353493,157.95205463400464,201.88392578396864
4118.801850031664,159.05155589602558,202.81547746454723
4128.446459707685,160.16100951015306,203.7530940247683
4138.137248103309,161.2803728933265,204.6966332937216
4147.874501723105,162.40960045942995,205.64595031922968
4157.658499715848,163.5486435718588,206.60089736753667
4167.489513735902,164.69745049528234,207.5613239229939
4177.367807804587,165.85596634659743,208.52707668773792
4187.293638171577,167.02413304507445,209.4979995813621
4197.267253176266,168.20188926170047,210.47393374058956
4207.288893109156,169.38917036771187,211.4547175189359
4217.358790073224,170.58590838231868,212.44018648636487
4227.477167845327,171.79203191963077,213.43017342894552
4237.644241737551,173.00746613477253,214.42450834849598
4247.860218458622,174.23213266920527,215.42301846222855
4258.125295975259,175.46594959524654,216.42552820238558
4268.43966337357,176.7088313597971,217.4318592158695
4278.80350072043,177.96068872727844,218.44183036386798
4289.216978924854,179.22142872178503,219.45525772147374
4299.680259599389,180.49095456845825,220.47195457729896
4310.193494921483,181.76916563408298,221.49173143308025
4320.756827494866,183.0559573669195,222.51439600328047
4331.370390210937,184.35122123577807,223.5397532146869
4342.034306110141,185.65484466833482,224.567605205996
4352.748688243344,186.96671098870905,225.59775132739813
4363.51363953322,188.28669935430523,226.62998814015435
4374.329252635633,189.61468469192775,227.66410941616414
4385.195609800994,190.95053763318464,228.6999061375318
4396.112782735683,192.2941244491842,229.73716649611828
4407.080832463391,193.6453069845457,230.77567589309677
4418.099809186516,195.0039425907265,231.8152169384936
4429.1697521475435,196.3698840586832,232.85556945072182
4440.290689490424,197.74297955088798,233.89651045611714
4451.462638121951,199.12307253269736,234.9378141884534
4462.685603573149,200.51000170311076,235.9792520884647
4473.959579860642,201.90360092491608,237.02059280335152
4485.284549348038,203.30369915424652,238.0616021862795
4496.660482607319,204.71012036957504,239.10204329587927
4508.0873382802065,206.12268350014605,240.14167639572926
4519.565062939547,207.541202353882,241.1802589538384
4531.093590950695,208.96548554477175,242.2175456421155
4542.672844332888,210.39533641977278,243.25328833583882
4554.302732620632,211.83055298523672,244.28723611310988
4565.983152725081,213.27092783289257,245.31913525430676
4577.713988795404,214.71624806540018,246.34872924152393
4589.4951120801825,216.1662952215101,247.37575875801124
4601.326380788791,217.62084520084107,248.39996168759765
4613.207639952756,219.07966818831414,249.42107311411507
4625.138721287158,220.54252857825793,250.43882532080556
4637.119443052001,222.0091848982298,251.45294778973437
4649.149609913597,223.47938973255583,252.46316720117815
4661.229012805943,224.9528896456462,253.46920743301908
4673.357428792097,226.4294251050991,254.47078956012638
4685.5346209255695,227.90873040462847,255.46763185372782
4697.760338111693,229.39053358685175,256.45944978077785
4710.034314969009,230.87455636596536,257.445956003315
